  0.0000000e+000
  0.0000000e+000
  0.0000000e+000
  0.0000000e+000
  0.0000000e+000
  0.0000000e+000
  0.0000000e+000
  0.0000000e+000
  0.0000000e+000
  0.0000000e+000
  0.0000000e+000
  0.0000000e+000
  0.0000000e+000
  0.0000000e+000
  0.0000000e+000
  0.0000000e+000
  0.0000000e+000
  0.0000000e+000
  0.0000000e+000
  0.0000000e+000
  0.0000000e+000
  0.0000000e+000
  0.0000000e+000
  0.0000000e+000
  0.0000000e+000
  0.0000000e+000
  0.0000000e+000
  0.0000000e+000
  0.0000000e+000
  0.0000000e+000
  0.0000000e+000
  0.0000000e+000
  0.0000000e+000
  0.0000000e+000
  0.0000000e+000
  0.0000000e+000
  0.0000000e+000
  0.0000000e+000
  0.0000000e+000
  0.0000000e+000
  0.0000000e+000
  0.0000000e+000
  0.0000000e+000
  0.0000000e+000
  0.0000000e+000
  0.0000000e+000
  0.0000000e+000
  0.0000000e+000
  0.0000000e+000
  0.0000000e+000
  0.0000000e+000
  0.0000000e+000
  0.0000000e+000
  0.0000000e+000
  0.0000000e+000
  0.0000000e+000
  0.0000000e+000
  0.0000000e+000
  0.0000000e+000
  0.0000000e+000
  0.0000000e+000
  0.0000000e+000
  0.0000000e+000
  0.0000000e+000
  0.0000000e+000
  0.0000000e+000
  0.0000000e+000
  0.0000000e+000
  0.0000000e+000
  0.0000000e+000
  0.0000000e+000
  0.0000000e+000
  0.0000000e+000
  0.0000000e+000
  0.0000000e+000
  0.0000000e+000
  0.0000000e+000
  0.0000000e+000
  0.0000000e+000
  0.0000000e+000
  0.0000000e+000
  0.0000000e+000
  0.0000000e+000
  0.0000000e+000
  0.0000000e+000
  0.0000000e+000
  0.0000000e+000
  0.0000000e+000
  0.0000000e+000
  0.0000000e+000
  0.0000000e+000
  0.0000000e+000
  0.0000000e+000
  0.0000000e+000
  0.0000000e+000
  0.0000000e+000
  0.0000000e+000
  0.0000000e+000
  0.0000000e+000
  0.0000000e+000
  0.0000000e+000
  0.0000000e+000
  0.0000000e+000
  0.0000000e+000
  0.0000000e+000
  0.0000000e+000
  0.0000000e+000
  0.0000000e+000
  0.0000000e+000
  0.0000000e+000
  0.0000000e+000
  0.0000000e+000
  0.0000000e+000
  0.0000000e+000
  0.0000000e+000
  0.0000000e+000
  0.0000000e+000
  0.0000000e+000
  0.0000000e+000
  0.0000000e+000
  0.0000000e+000
  0.0000000e+000
  0.0000000e+000
  0.0000000e+000
  0.0000000e+000
  0.0000000e+000
  0.0000000e+000
  0.0000000e+000
  0.0000000e+000
  0.0000000e+000
  0.0000000e+000
  0.0000000e+000
  0.0000000e+000
  0.0000000e+000
  0.0000000e+000
  0.0000000e+000
  0.0000000e+000
  0.0000000e+000
  0.0000000e+000
  0.0000000e+000
  0.0000000e+000
  0.0000000e+000
  0.0000000e+000
  0.0000000e+000
  0.0000000e+000
  0.0000000e+000
  0.0000000e+000
  0.0000000e+000
  0.0000000e+000
  0.0000000e+000
  0.0000000e+000
  0.0000000e+000
  0.0000000e+000
  0.0000000e+000
  0.0000000e+000
  0.0000000e+000
  0.0000000e+000
  0.0000000e+000
  0.0000000e+000
  0.0000000e+000
  0.0000000e+000
  0.0000000e+000
  0.0000000e+000
  0.0000000e+000
  0.0000000e+000
  0.0000000e+000
  0.0000000e+000
  0.0000000e+000
  0.0000000e+000
  0.0000000e+000
  0.0000000e+000
  0.0000000e+000
  0.0000000e+000
  0.0000000e+000
  0.0000000e+000
  0.0000000e+000
  0.0000000e+000
  0.0000000e+000
  0.0000000e+000
  0.0000000e+000
  0.0000000e+000
  0.0000000e+000
  0.0000000e+000
  0.0000000e+000
  0.0000000e+000
  0.0000000e+000
  0.0000000e+000
  0.0000000e+000
  0.0000000e+000
  0.0000000e+000
  0.0000000e+000
  0.0000000e+000
  0.0000000e+000
  0.0000000e+000
  0.0000000e+000
  0.0000000e+000
  0.0000000e+000
  0.0000000e+000
  0.0000000e+000
  0.0000000e+000
  0.0000000e+000
  0.0000000e+000
  0.0000000e+000
  0.0000000e+000
  0.0000000e+000
  0.0000000e+000
  0.0000000e+000
  0.0000000e+000
  0.0000000e+000
  0.0000000e+000
  0.0000000e+000
  0.0000000e+000
  0.0000000e+000
  0.0000000e+000
  0.0000000e+000
  0.0000000e+000
  0.0000000e+000
  0.0000000e+000
  0.0000000e+000
  0.0000000e+000
  0.0000000e+000
  0.0000000e+000
  0.0000000e+000
  0.0000000e+000
  0.0000000e+000
  0.0000000e+000
  0.0000000e+000
  0.0000000e+000
  0.0000000e+000
  0.0000000e+000
  0.0000000e+000
  0.0000000e+000
  0.0000000e+000
  0.0000000e+000
  0.0000000e+000
  0.0000000e+000
  0.0000000e+000
  0.0000000e+000
  0.0000000e+000
  0.0000000e+000
  0.0000000e+000
  0.0000000e+000
  0.0000000e+000
  0.0000000e+000
  0.0000000e+000
  0.0000000e+000
  0.0000000e+000
  0.0000000e+000
  0.0000000e+000
  0.0000000e+000
  0.0000000e+000
  0.0000000e+000
  0.0000000e+000
  0.0000000e+000
  0.0000000e+000
  0.0000000e+000
  0.0000000e+000
  0.0000000e+000
  0.0000000e+000
  0.0000000e+000
  0.0000000e+000
  0.0000000e+000
  0.0000000e+000
  0.0000000e+000
  0.0000000e+000
  0.0000000e+000
  0.0000000e+000
  0.0000000e+000
  0.0000000e+000
  0.0000000e+000
  0.0000000e+000
  0.0000000e+000
  0.0000000e+000
  0.0000000e+000
  0.0000000e+000
  0.0000000e+000
  0.0000000e+000
  0.0000000e+000
  1.4097051e+002
  1.3949501e+002
  1.3984032e+002
  1.4955913e+002
  1.2944291e+002
  1.3179530e+002
  1.2668304e+002
  1.2070642e+002
  1.3162644e+002
  1.3028716e+002
  1.2447051e+002
  1.3188828e+002
  1.2923074e+002
  1.1517722e+002
  1.2421964e+002
  1.1406366e+002
  1.2473691e+002
  1.0735779e+002
  1.1701616e+002
  1.0985449e+002
  1.0811357e+002
  1.0250899e+002
  1.0527024e+002
  1.0428571e+002
  1.0396922e+002
  1.1899659e+002
  1.1915995e+002
  1.1186156e+002
  0.0000000e+000
  0.0000000e+000
  0.0000000e+000
  0.0000000e+000
  0.0000000e+000
  0.0000000e+000
  0.0000000e+000
  0.0000000e+000
  0.0000000e+000
  0.0000000e+000
  0.0000000e+000
  0.0000000e+000
  0.0000000e+000
  0.0000000e+000
  0.0000000e+000
  0.0000000e+000
  0.0000000e+000
  0.0000000e+000
  0.0000000e+000
  0.0000000e+000
  0.0000000e+000
  0.0000000e+000
  0.0000000e+000
  0.0000000e+000
  0.0000000e+000
  0.0000000e+000
  0.0000000e+000
  0.0000000e+000
  0.0000000e+000
  0.0000000e+000
  0.0000000e+000
  0.0000000e+000
  0.0000000e+000
  0.0000000e+000
  0.0000000e+000
  0.0000000e+000
  0.0000000e+000
  0.0000000e+000
  0.0000000e+000
  0.0000000e+000
  0.0000000e+000
  0.0000000e+000
  0.0000000e+000
  0.0000000e+000
  0.0000000e+000
  0.0000000e+000
  0.0000000e+000
  0.0000000e+000
  0.0000000e+000
  1.5248799e+002
  1.5012700e+002
  1.4870622e+002
  1.5006400e+002
  1.4367714e+002
  1.4648668e+002
  1.3954141e+002
  1.3785560e+002
  1.2750950e+002
  1.3742749e+002
  1.3561295e+002
  1.4084431e+002
  1.2551969e+002
  1.3523029e+002
  1.3752971e+002
  1.2928561e+002
  1.1524095e+002
  1.2857136e+002
  1.0560016e+002
  1.3275111e+002
  1.0458116e+002
  1.2663529e+002
  1.2289337e+002
  1.2013394e+002
  1.0553260e+002
  1.0477056e+002
  1.2311008e+002
  1.0802675e+002
  1.0489044e+002
  1.0563528e+002
  1.1164161e+002
  1.0677253e+002
  1.0034165e+002
  0.0000000e+000
  0.0000000e+000
  0.0000000e+000
  0.0000000e+000
  0.0000000e+000
  0.0000000e+000
  0.0000000e+000
  0.0000000e+000
  0.0000000e+000
  0.0000000e+000
  0.0000000e+000
  0.0000000e+000
  0.0000000e+000
  0.0000000e+000
  0.0000000e+000
  0.0000000e+000
  0.0000000e+000
  0.0000000e+000
  0.0000000e+000
  0.0000000e+000
  0.0000000e+000
  0.0000000e+000
  0.0000000e+000
  0.0000000e+000
  0.0000000e+000
  0.0000000e+000
  0.0000000e+000
  0.0000000e+000
  0.0000000e+000
  0.0000000e+000
  0.0000000e+000
  0.0000000e+000
  0.0000000e+000
  0.0000000e+000
  0.0000000e+000
  0.0000000e+000
  0.0000000e+000
  0.0000000e+000
  0.0000000e+000
  0.0000000e+000
  0.0000000e+000
  0.0000000e+000
  0.0000000e+000
  0.0000000e+000
  0.0000000e+000
  0.0000000e+000
  1.3859694e+002
  1.5384071e+002
  1.5366017e+002
  1.2930695e+002
  1.5196010e+002
  1.2423911e+002
  1.4200876e+002
  1.2322506e+002
  1.3220590e+002
  1.2345979e+002
  1.3565525e+002
  1.3390694e+002
  1.2481891e+002
  1.1185772e+002
  1.3585425e+002
  1.3704054e+002
  1.2564425e+002
  1.0755628e+002
  1.2350328e+002
  1.1382041e+002
  1.3489119e+002
  1.1546189e+002
  1.1317545e+002
  1.1760342e+002
  1.0461002e+002
  1.1921090e+002
  1.0082371e+002
  9.8442185e+001
  1.0347635e+002
  1.1523659e+002
  1.0120844e+002
  1.0313266e+002
  1.1377053e+002
  1.1671607e+002
  1.1490287e+002
  1.1620849e+002
  0.0000000e+000
  0.0000000e+000
  0.0000000e+000
  0.0000000e+000
  0.0000000e+000
  0.0000000e+000
  0.0000000e+000
  0.0000000e+000
  0.0000000e+000
  0.0000000e+000
  0.0000000e+000
  0.0000000e+000
  0.0000000e+000
  0.0000000e+000
  0.0000000e+000
  0.0000000e+000
  0.0000000e+000
  0.0000000e+000
  0.0000000e+000
  0.0000000e+000
  0.0000000e+000
  0.0000000e+000
  0.0000000e+000
  0.0000000e+000
  0.0000000e+000
  0.0000000e+000
  0.0000000e+000
  0.0000000e+000
  0.0000000e+000
  0.0000000e+000
  0.0000000e+000
  0.0000000e+000
  0.0000000e+000
  0.0000000e+000
  0.0000000e+000
  0.0000000e+000
  0.0000000e+000
  0.0000000e+000
  0.0000000e+000
  0.0000000e+000
  0.0000000e+000
  0.0000000e+000
  1.5133236e+002
  1.5535130e+002
  1.4086835e+002
  1.3246596e+002
  1.4758761e+002
  1.4585211e+002
  1.2956006e+002
  1.3798023e+002
  1.4691505e+002
  1.2041711e+002
  1.4015559e+002
  1.3548028e+002
  1.1860424e+002
  1.2353712e+002
  1.3521644e+002
  1.1618841e+002
  1.2849656e+002
  1.2102514e+002
  1.3087558e+002
  1.2491007e+002
  1.0975139e+002
  1.3388591e+002
  1.2555930e+002
  1.0669158e+002
  1.2163423e+002
  1.0505721e+002
  1.2641026e+002
  1.0378112e+002
  1.1450308e+002
  1.1268979e+002
  1.1069555e+002
  1.0630135e+002
  1.0494085e+002
  1.0595656e+002
  1.1178391e+002
  1.1095720e+002
  1.0066778e+002
  1.1741787e+002
  1.1522189e+002
  0.0000000e+000
  0.0000000e+000
  0.0000000e+000
  0.0000000e+000
  0.0000000e+000
  0.0000000e+000
  0.0000000e+000
  0.0000000e+000
  0.0000000e+000
  0.0000000e+000
  0.0000000e+000
  0.0000000e+000
  0.0000000e+000
  0.0000000e+000
  0.0000000e+000
  0.0000000e+000
  0.0000000e+000
  0.0000000e+000
  0.0000000e+000
  0.0000000e+000
  0.0000000e+000
  0.0000000e+000
  0.0000000e+000
  0.0000000e+000
  0.0000000e+000
  0.0000000e+000
  0.0000000e+000
  0.0000000e+000
  0.0000000e+000
  0.0000000e+000
  0.0000000e+000
  0.0000000e+000
  0.0000000e+000
  0.0000000e+000
  0.0000000e+000
  0.0000000e+000
  0.0000000e+000
  0.0000000e+000
  0.0000000e+000
  1.4510434e+002
  1.4584130e+002
  1.5146870e+002
  1.3619602e+002
  1.5657778e+002
  1.3127182e+002
  1.3642485e+002
  1.3543894e+002
  1.4658982e+002
  1.3120148e+002
  1.3592466e+002
  1.2803457e+002
  1.4637590e+002
  1.3165978e+002
  1.2949214e+002
  1.3459832e+002
  1.1810370e+002
  1.2483354e+002
  1.3171498e+002
  1.1546348e+002
  1.2835487e+002
  1.2768980e+002
  1.3115716e+002
  1.3458672e+002
  1.1158264e+002
  1.1989546e+002
  1.0003560e+002
  1.1850214e+002
  1.0649418e+002
  9.7246367e+001
  1.2335707e+002
  1.0071746e+002
  1.2497147e+002
  1.0234022e+002
  1.0896415e+002
  1.0170848e+002
  1.0355723e+002
  1.0151013e+002
  1.1957333e+002
  1.0850987e+002
  1.1015062e+002
  1.1972200e+002
  1.1100439e+002
  0.0000000e+000
  0.0000000e+000
  0.0000000e+000
  0.0000000e+000
  0.0000000e+000
  0.0000000e+000
  0.0000000e+000
  0.0000000e+000
  0.0000000e+000
  0.0000000e+000
  0.0000000e+000
  0.0000000e+000
  0.0000000e+000
  0.0000000e+000
  0.0000000e+000
  0.0000000e+000
  0.0000000e+000
  0.0000000e+000
  0.0000000e+000
  0.0000000e+000
  0.0000000e+000
  0.0000000e+000
  0.0000000e+000
  0.0000000e+000
  0.0000000e+000
  0.0000000e+000
  0.0000000e+000
  0.0000000e+000
  0.0000000e+000
  0.0000000e+000
  0.0000000e+000
  0.0000000e+000
  0.0000000e+000
  0.0000000e+000
  0.0000000e+000
  0.0000000e+000
  0.0000000e+000
  1.5849538e+002
  1.3373483e+002
  1.4134371e+002
  1.5067723e+002
  1.5029663e+002
  1.3864585e+002
  1.4564417e+002
  1.2868398e+002
  1.3472554e+002
  1.4426515e+002
  1.2841639e+002
  1.3016540e+002
  1.2778447e+002
  1.4058996e+002
  1.2627136e+002
  1.3808457e+002
  1.3459164e+002
  1.3209320e+002
  1.3436861e+002
  1.3438803e+002
  1.3175440e+002
  1.0704346e+002
  1.2490250e+002
  1.2242295e+002
  1.1905488e+002
  1.0309795e+002
  1.1134679e+002
  1.2061104e+002
  1.2289790e+002
  1.1945217e+002
  1.1585762e+002
  9.8853451e+001
  1.0317795e+002
  1.0732445e+002
  1.0531324e+002
  1.1751413e+002
  1.1886372e+002
  1.0574307e+002
  1.1114473e+002
  1.0271450e+002
  1.1503862e+002
  1.1436716e+002
  1.0151606e+002
  1.1718198e+002
  0.0000000e+000
  0.0000000e+000
  0.0000000e+000
  0.0000000e+000
  0.0000000e+000
  0.0000000e+000
  0.0000000e+000
  0.0000000e+000
  0.0000000e+000
  0.0000000e+000
  0.0000000e+000
  0.0000000e+000
  0.0000000e+000
  0.0000000e+000
  0.0000000e+000
  0.0000000e+000
  0.0000000e+000
  0.0000000e+000
  0.0000000e+000
  0.0000000e+000
  0.0000000e+000
  0.0000000e+000
  0.0000000e+000
  0.0000000e+000
  0.0000000e+000
  0.0000000e+000
  0.0000000e+000
  0.0000000e+000
  0.0000000e+000
  0.0000000e+000
  0.0000000e+000
  0.0000000e+000
  0.0000000e+000
  0.0000000e+000
  0.0000000e+000
  1.5329275e+002
  1.4887676e+002
  1.4436285e+002
  1.3147685e+002
  1.3795369e+002
  1.4790940e+002
  1.3432555e+002
  1.4101964e+002
  1.3197930e+002
  1.4389336e+002
  1.2434932e+002
  1.3195555e+002
  1.4352039e+002
  1.3959206e+002
  1.2603672e+002
  1.2938761e+002
  1.3313641e+002
  1.2202058e+002
  1.2110835e+002
  1.2234136e+002
  1.3209572e+002
  1.2793111e+002
  1.0929221e+002
  1.1225697e+002
  1.2038212e+002
  1.2710266e+002
  1.2754032e+002
  1.2007955e+002
  1.0128115e+002
  1.0883391e+002
  9.8148835e+001
  9.9231710e+001
  1.1670804e+002
  9.7588208e+001
  1.1972919e+002
  1.1763719e+002
  1.0707131e+002
  1.0883376e+002
  1.1639767e+002
  1.1339190e+002
  1.0376736e+002
  1.0904610e+002
  1.1413543e+002
  1.1005503e+002
  1.1693075e+002
  0.0000000e+000
  0.0000000e+000
  0.0000000e+000
  0.0000000e+000
  0.0000000e+000
  0.0000000e+000
  0.0000000e+000
  0.0000000e+000
  0.0000000e+000
  0.0000000e+000
  0.0000000e+000
  0.0000000e+000
  0.0000000e+000
  0.0000000e+000
  0.0000000e+000
  0.0000000e+000
  0.0000000e+000
  0.0000000e+000
  0.0000000e+000
  0.0000000e+000
  0.0000000e+000
  0.0000000e+000
  0.0000000e+000
  0.0000000e+000
  0.0000000e+000
  0.0000000e+000
  0.0000000e+000
  0.0000000e+000
  0.0000000e+000
  0.0000000e+000
  0.0000000e+000
  0.0000000e+000
  1.4275793e+002
  1.4779115e+002
  1.4870370e+002
  1.4735052e+002
  1.3546795e+002
  1.5637711e+002
  1.3671353e+002
  1.4691721e+002
  1.4298502e+002
  1.4439595e+002
  1.3477448e+002
  1.3860176e+002
  1.5042259e+002
  1.2945096e+002
  1.3969129e+002
  1.3499728e+002
  1.4753062e+002
  1.4188007e+002
  1.4498597e+002
  1.4340505e+002
  1.4014417e+002
  1.2129798e+002
  1.1625943e+002
  1.3193127e+002
  1.1301666e+002
  1.0521709e+002
  1.3108417e+002
  1.2210040e+002
  1.0506909e+002
  1.0169187e+002
  1.0136715e+002
  1.1488681e+002
  1.1910996e+002
  1.0418800e+002
  1.1140177e+002
  1.0690691e+002
  1.0631652e+002
  1.1994289e+002
  1.0806683e+002
  1.1964641e+002
  1.0853330e+002
  1.1993748e+002
  1.0302953e+002
  1.1360751e+002
  1.1524275e+002
  1.1738665e+002
  1.0129540e+002
  1.1291442e+002
  0.0000000e+000
  0.0000000e+000
  0.0000000e+000
  0.0000000e+000
  0.0000000e+000
  0.0000000e+000
  0.0000000e+000
  0.0000000e+000
  0.0000000e+000
  0.0000000e+000
  0.0000000e+000
  0.0000000e+000
  0.0000000e+000
  0.0000000e+000
  0.0000000e+000
  0.0000000e+000
  0.0000000e+000
  0.0000000e+000
  0.0000000e+000
  0.0000000e+000
  0.0000000e+000
  0.0000000e+000
  0.0000000e+000
  0.0000000e+000
  0.0000000e+000
  0.0000000e+000
  0.0000000e+000
  1.5817504e+002
  1.6716827e+002
  1.4194945e+002
  1.5642757e+002
  1.4306771e+002
  1.4646942e+002
  1.5719490e+002
  1.6096769e+002
  1.4575942e+002
  1.5810107e+002
  1.5017960e+002
  1.3070049e+002
  1.5191988e+002
  1.5334839e+002
  1.4173973e+002
  1.3195366e+002
  1.4655596e+002
  1.3636295e+002
  1.2931186e+002
  1.2255756e+002
  1.2191836e+002
  1.3818472e+002
  1.2427795e+002
  1.2981991e+002
  1.3533033e+002
  1.3504836e+002
  1.3939216e+002
  1.3643482e+002
  1.2634914e+002
  1.1766314e+002
  1.0942972e+002
  1.0637728e+002
  1.1731042e+002
  1.0679617e+002
  1.1309652e+002
  1.2321719e+002
  1.2587008e+002
  1.2309053e+002
  1.1586139e+002
  1.0314837e+002
  1.0722094e+002
  1.2477725e+002
  1.1462147e+002
  1.1749476e+002
  1.1112245e+002
  1.0152050e+002
  1.1149487e+002
  1.1837366e+002
  1.1053433e+002
  1.0154978e+002
  1.1338911e+002
  1.1343227e+002
  1.1908310e+002
  0.0000000e+000
  0.0000000e+000
  0.0000000e+000
  0.0000000e+000
  0.0000000e+000
  0.0000000e+000
  0.0000000e+000
  0.0000000e+000
  0.0000000e+000
  0.0000000e+000
  0.0000000e+000
  0.0000000e+000
  0.0000000e+000
  0.0000000e+000
  0.0000000e+000
  0.0000000e+000
  0.0000000e+000
  0.0000000e+000
  0.0000000e+000
  0.0000000e+000
  0.0000000e+000
  0.0000000e+000
  0.0000000e+000
  0.0000000e+000
  0.0000000e+000
  1.5076587e+002
  1.4530801e+002
  1.6654283e+002
  1.4650834e+002
  1.6841350e+002
  1.5892029e+002
  1.6471918e+002
  1.4245226e+002
  1.4539972e+002
  1.5972468e+002
  1.4696473e+002
  1.5656486e+002
  1.3914643e+002
  1.4181691e+002
  1.5269034e+002
  1.5072469e+002
  1.4773157e+002
  1.3362574e+002
  1.2705167e+002
  1.3089045e+002
  1.3936797e+002
  1.4167506e+002
  1.3142904e+002
  1.2444507e+002
  1.3384510e+002
  1.4151697e+002
  1.4472618e+002
  1.2095935e+002
  1.1328299e+002
  1.1406189e+002
  1.1490001e+002
  1.2762777e+002
  1.1026498e+002
  1.1307252e+002
  1.2094511e+002
  1.3184681e+002
  1.2364116e+002
  1.1543319e+002
  1.2166673e+002
  1.1583943e+002
  1.2037418e+002
  1.1520674e+002
  1.1613050e+002
  1.0680177e+002
  1.1585987e+002
  1.0605857e+002
  1.1317388e+002
  1.1047678e+002
  1.0392996e+002
  1.0055733e+002
  1.1841355e+002
  1.1657720e+002
  1.0482149e+002
  1.1555140e+002
  1.1171703e+002
  0.0000000e+000
  0.0000000e+000
  0.0000000e+000
  0.0000000e+000
  0.0000000e+000
  0.0000000e+000
  0.0000000e+000
  0.0000000e+000
  0.0000000e+000
  0.0000000e+000
  0.0000000e+000
  0.0000000e+000
  0.0000000e+000
  0.0000000e+000
  0.0000000e+000
  0.0000000e+000
  0.0000000e+000
  0.0000000e+000
  0.0000000e+000
  0.0000000e+000
  0.0000000e+000
  0.0000000e+000
  0.0000000e+000
  1.7413200e+002
  1.5431189e+002
  1.6441873e+002
  1.7222025e+002
  1.4731218e+002
  1.4621536e+002
  1.5354113e+002
  1.5500452e+002
  1.6007603e+002
  1.6570110e+002
  1.3803456e+002
  1.3655899e+002
  1.4555243e+002
  1.4309982e+002
  1.4068499e+002
  1.3441795e+002
  1.4272090e+002
  1.3869550e+002
  1.5400790e+002
  1.4353248e+002
  1.5370963e+002
  1.5349126e+002
  1.3423185e+002
  1.2228967e+002
  1.3863116e+002
  1.2621284e+002
  1.2031470e+002
  1.1878866e+002
  1.3748519e+002
  1.3252336e+002
  1.1913236e+002
  1.1705457e+002
  1.1858112e+002
  1.1334788e+002
  1.2870840e+002
  1.2492649e+002
  1.1663625e+002
  1.2906899e+002
  1.0560993e+002
  1.1137540e+002
  1.1237689e+002
  1.1727489e+002
  1.2117939e+002
  1.0318694e+002
  1.1312363e+002
  1.2350004e+002
  1.1294123e+002
  1.0538593e+002
  1.1335737e+002
  1.0859276e+002
  1.0331534e+002
  1.1496101e+002
  1.0927876e+002
  1.1783267e+002
  1.1349692e+002
  1.1813076e+002
  1.0312435e+002
  0.0000000e+000
  0.0000000e+000
  0.0000000e+000
  0.0000000e+000
  0.0000000e+000
  0.0000000e+000
  0.0000000e+000
  0.0000000e+000
  0.0000000e+000
  0.0000000e+000
  0.0000000e+000
  0.0000000e+000
  0.0000000e+000
  0.0000000e+000
  0.0000000e+000
  0.0000000e+000
  0.0000000e+000
  0.0000000e+000
  0.0000000e+000
  0.0000000e+000
  0.0000000e+000
  1.7070114e+002
  1.7665905e+002
  1.7381331e+002
  1.7343526e+002
  1.6127130e+002
  1.6240065e+002
  1.5637411e+002
  1.5725553e+002
  1.5510442e+002
  1.6782006e+002
  1.4615838e+002
  1.6713804e+002
  1.4733708e+002
  1.3589125e+002
  1.3649805e+002
  1.3536143e+002
  1.3433118e+002
  1.3617841e+002
  1.3870587e+002
  1.5706385e+002
  1.4688918e+002
  1.3254544e+002
  1.2508809e+002
  1.4870369e+002
  1.2331331e+002
  1.2607541e+002
  1.2291013e+002
  1.2035109e+002
  1.3103027e+002
  1.3652352e+002
  1.1588001e+002
  1.4215036e+002
  1.1205041e+002
  1.2547592e+002
  1.1830321e+002
  1.1692181e+002
  1.3473810e+002
  1.2286904e+002
  1.3285055e+002
  1.1659125e+002
  1.0870509e+002
  1.1751425e+002
  1.2124711e+002
  1.0490249e+002
  1.1195913e+002
  1.2408598e+002
  1.0725299e+002
  1.2411810e+002
  1.1469048e+002
  1.1015049e+002
  1.0969559e+002
  1.0129354e+002
  1.1447882e+002
  1.1819638e+002
  1.0950568e+002
  1.0116143e+002
  1.1462816e+002
  1.1173615e+002
  1.1186346e+002
  0.0000000e+000
  0.0000000e+000
  0.0000000e+000
  0.0000000e+000
  0.0000000e+000
  0.0000000e+000
  0.0000000e+000
  0.0000000e+000
  0.0000000e+000
  0.0000000e+000
  0.0000000e+000
  0.0000000e+000
  0.0000000e+000
  0.0000000e+000
  0.0000000e+000
  0.0000000e+000
  0.0000000e+000
  0.0000000e+000
  0.0000000e+000
  0.0000000e+000
  1.6145897e+002
  1.5991042e+002
  1.5095586e+002
  1.6281560e+002
  1.5699066e+002
  1.5181826e+002
  1.5742630e+002
  1.6854548e+002
  1.5235058e+002
  1.4029455e+002
  1.6159056e+002
  1.4713568e+002
  1.5805724e+002
  1.6169091e+002
  1.4098359e+002
  1.6135685e+002
  1.3515538e+002
  1.3037672e+002
  1.5075708e+002
  1.5228615e+002
  1.5220961e+002
  1.4612233e+002
  1.5223951e+002
  1.4605313e+002
  1.4098893e+002
  1.3510809e+002
  1.4407515e+002
  1.3042539e+002
  1.3167515e+002
  1.2108003e+002
  1.4448137e+002
  1.4354121e+002
  1.2312709e+002
  1.2050002e+002
  1.3366057e+002
  1.2176612e+002
  1.1088062e+002
  1.0922864e+002
  1.3337280e+002
  1.2564058e+002
  1.2067434e+002
  1.1524165e+002
  1.2830965e+002
  1.2024369e+002
  1.0339712e+002
  1.1208373e+002
  1.2373739e+002
  9.8925643e+001
  1.1935424e+002
  1.0134882e+002
  1.1583449e+002
  1.1580403e+002
  1.1049481e+002
  1.1019988e+002
  1.1354806e+002
  1.1742406e+002
  1.0604231e+002
  1.1579438e+002
  1.1053585e+002
  1.0152872e+002
  0.0000000e+000
  0.0000000e+000
  0.0000000e+000
  0.0000000e+000
  0.0000000e+000
  0.0000000e+000
  0.0000000e+000
  0.0000000e+000
  0.0000000e+000
  0.0000000e+000
  0.0000000e+000
  0.0000000e+000
  0.0000000e+000
  0.0000000e+000
  0.0000000e+000
  0.0000000e+000
  0.0000000e+000
  0.0000000e+000
  0.0000000e+000
  1.7975167e+002
  1.6175936e+002
  1.5350929e+002
  1.6851404e+002
  1.7904900e+002
  1.6698387e+002
  1.4532949e+002
  1.4763643e+002
  1.6940328e+002
  1.6198135e+002
  1.4258646e+002
  1.4875677e+002
  1.6001424e+002
  1.4639192e+002
  1.5895604e+002
  1.3767857e+002
  1.5105549e+002
  1.3669495e+002
  1.3259262e+002
  1.4919674e+002
  1.5395679e+002
  1.5071682e+002
  1.4065269e+002
  1.4469034e+002
  1.3455396e+002
  1.5354985e+002
  1.3742113e+002
  1.3183177e+002
  1.3318375e+002
  1.4138026e+002
  1.2758279e+002
  1.2963655e+002
  1.2486532e+002
  1.3933835e+002
  1.1338035e+002
  1.1930385e+002
  1.3764862e+002
  1.1552213e+002
  1.1377755e+002
  1.3055948e+002
  1.1304407e+002
  1.3409310e+002
  1.2956811e+002
  1.2839148e+002
  1.1745183e+002
  1.2446694e+002
  1.1765126e+002
  9.8709608e+001
  9.7720231e+001
  1.2184468e+002
  1.1455736e+002
  1.0322784e+002
  1.0184624e+002
  1.0053775e+002
  1.1352426e+002
  1.0657664e+002
  1.1330896e+002
  1.1781379e+002
  1.0074130e+002
  1.1006639e+002
  1.1565653e+002
  0.0000000e+000
  0.0000000e+000
  0.0000000e+000
  0.0000000e+000
  0.0000000e+000
  0.0000000e+000
  0.0000000e+000
  0.0000000e+000
  0.0000000e+000
  0.0000000e+000
  0.0000000e+000
  0.0000000e+000
  0.0000000e+000
  0.0000000e+000
  0.0000000e+000
  0.0000000e+000
  0.0000000e+000
  0.0000000e+000
  1.7570411e+002
  1.5814079e+002
  1.6762809e+002
  1.5184509e+002
  1.5066240e+002
  1.7430147e+002
  1.5142022e+002
  1.7373846e+002
  1.6887922e+002
  1.4986035e+002
  1.7207741e+002
  1.5056000e+002
  1.5542346e+002
  1.5234082e+002
  1.5089656e+002
  1.5171160e+002
  1.4195324e+002
  1.4643210e+002
  1.3951681e+002
  1.5243648e+002
  1.4329942e+002
  1.5098195e+002
  1.5975773e+002
  1.4722839e+002
  1.3994160e+002
  1.4521565e+002
  1.2541143e+002
  1.2431550e+002
  1.3591606e+002
  1.4871537e+002
  1.4477599e+002
  1.4061412e+002
  1.3507800e+002
  1.2992011e+002
  1.4222602e+002
  1.3451215e+002
  1.1587807e+002
  1.3643359e+002
  1.3995944e+002
  1.3402781e+002
  1.1368988e+002
  1.0673335e+002
  1.1216739e+002
  1.2115384e+002
  1.1961389e+002
  1.1903599e+002
  1.0006139e+002
  9.9683756e+001
  1.0819463e+002
  1.0472731e+002
  1.0287263e+002
  1.1097847e+002
  1.0495955e+002
  1.1630819e+002
  1.0528554e+002
  1.1899710e+002
  1.0308490e+002
  1.0040035e+002
  1.1906041e+002
  1.1167986e+002
  1.0399173e+002
  0.0000000e+000
  0.0000000e+000
  0.0000000e+000
  0.0000000e+000
  0.0000000e+000
  0.0000000e+000
  0.0000000e+000
  0.0000000e+000
  0.0000000e+000
  0.0000000e+000
  0.0000000e+000
  0.0000000e+000
  0.0000000e+000
  0.0000000e+000
  0.0000000e+000
  0.0000000e+000
  0.0000000e+000
  0.0000000e+000
  1.8467787e+002
  1.7178775e+002
  1.6846399e+002
  1.8332741e+002
  1.5135016e+002
  1.5816593e+002
  1.7153103e+002
  1.6435366e+002
  1.4761022e+002
  1.5847296e+002
  1.6464228e+002
  1.4860077e+002
  1.5407576e+002
  1.6892361e+002
  1.4280710e+002
  1.6925853e+002
  1.6332279e+002
  1.4274697e+002
  1.4773651e+002
  1.5413925e+002
  1.3421532e+002
  1.5105718e+002
  1.4116486e+002
  1.4756100e+002
  1.4014729e+002
  1.4556125e+002
  1.2563076e+002
  1.5383797e+002
  1.4074019e+002
  1.3627839e+002
  1.4305100e+002
  1.4035450e+002
  1.1525250e+002
  1.3851622e+002
  1.2549133e+002
  1.1931576e+002
  1.3169857e+002
  1.1397513e+002
  1.1961961e+002
  1.3236548e+002
  1.3174542e+002
  1.2827042e+002
  1.3112203e+002
  1.3104536e+002
  1.1922259e+002
  1.0505129e+002
  1.1096290e+002
  1.0789297e+002
  9.5596351e+001
  1.1978049e+002
  1.0188827e+002
  1.0820490e+002
  1.1819532e+002
  1.0829947e+002
  1.0052208e+002
  1.1837223e+002
  1.0354140e+002
  1.1255855e+002
  1.0646687e+002
  1.1595614e+002
  1.0584908e+002
  1.1793735e+002
  0.0000000e+000
  0.0000000e+000
  0.0000000e+000
  0.0000000e+000
  0.0000000e+000
  0.0000000e+000
  0.0000000e+000
  0.0000000e+000
  0.0000000e+000
  0.0000000e+000
  0.0000000e+000
  0.0000000e+000
  0.0000000e+000
  0.0000000e+000
  0.0000000e+000
  0.0000000e+000
  0.0000000e+000
  1.8986968e+002
  1.6627953e+002
  1.7959910e+002
  1.5968112e+002
  1.6337920e+002
  1.7863036e+002
  1.7776952e+002
  1.7733618e+002
  1.7573749e+002
  1.6925429e+002
  1.5022419e+002
  1.5126021e+002
  1.7368125e+002
  1.6936524e+002
  1.6457429e+002
  1.5493333e+002
  1.6860758e+002
  1.5925433e+002
  1.4582699e+002
  1.5920895e+002
  1.3542177e+002
  1.4512152e+002
  1.4082908e+002
  1.5453623e+002
  1.4929956e+002
  1.2624579e+002
  1.3426454e+002
  1.2654150e+002
  1.5443898e+002
  1.2565564e+002
  1.3664295e+002
  1.2064572e+002
  1.2008720e+002
  1.3921097e+002
  1.2388491e+002
  1.1802138e+002
  1.3591559e+002
  1.1168567e+002
  1.3132437e+002
  1.2525997e+002
  1.3060055e+002
  1.1633070e+002
  1.1951951e+002
  1.0911271e+002
  1.0548753e+002
  1.0992188e+002
  1.0223364e+002
  1.2689613e+002
  1.0608327e+002
  1.2182324e+002
  1.2006319e+002
  1.0097827e+002
  1.2360244e+002
  1.1133214e+002
  1.1708369e+002
  1.0755152e+002
  1.0445067e+002
  1.1753217e+002
  1.1913542e+002
  1.1278572e+002
  1.0710045e+002
  1.0997412e+002
  1.1765880e+002
  0.0000000e+000
  0.0000000e+000
  0.0000000e+000
  0.0000000e+000
  0.0000000e+000
  0.0000000e+000
  0.0000000e+000
  0.0000000e+000
  0.0000000e+000
  0.0000000e+000
  0.0000000e+000
  0.0000000e+000
  0.0000000e+000
  0.0000000e+000
  0.0000000e+000
  0.0000000e+000
  0.0000000e+000
  1.7485072e+002
  1.7900118e+002
  1.6430013e+002
  1.5871722e+002
  1.7275986e+002
  1.5973295e+002
  1.7049005e+002
  1.6899437e+002
  1.7046716e+002
  1.4520023e+002
  1.5819629e+002
  1.4563339e+002
  1.6443481e+002
  1.4355615e+002
  1.6864913e+002
  1.5666147e+002
  1.4984352e+002
  1.5030350e+002
  1.4758087e+002
  1.5399804e+002
  1.4881217e+002
  1.5192531e+002
  1.5836726e+002
  1.5885005e+002
  1.3537609e+002
  1.3694004e+002
  1.2855933e+002
  1.3630040e+002
  1.2701470e+002
  1.4580444e+002
  1.4367463e+002
  1.2278301e+002
  1.4453977e+002
  1.2387557e+002
  1.3407109e+002
  1.2437334e+002
  1.2762572e+002
  1.2776853e+002
  1.3942910e+002
  1.1167337e+002
  1.1577775e+002
  1.1730095e+002
  1.1328066e+002
  1.2515161e+002
  1.1268563e+002
  1.2764383e+002
  1.1047568e+002
  1.2139089e+002
  1.1661200e+002
  1.0951080e+002
  1.0345002e+002
  1.2477684e+002
  1.1461379e+002
  1.0737017e+002
  1.0151782e+002
  1.1406772e+002
  1.1597113e+002
  1.0812048e+002
  1.1731990e+002
  1.0207364e+002
  1.1941596e+002
  1.0188948e+002
  1.1734545e+002
  0.0000000e+000
  0.0000000e+000
  0.0000000e+000
  0.0000000e+000
  0.0000000e+000
  0.0000000e+000
  0.0000000e+000
  0.0000000e+000
  0.0000000e+000
  0.0000000e+000
  0.0000000e+000
  0.0000000e+000
  0.0000000e+000
  0.0000000e+000
  0.0000000e+000
  0.0000000e+000
  1.7949488e+002
  1.7918726e+002
  1.5856994e+002
  1.8022979e+002
  1.5686009e+002
  1.7081285e+002
  1.7943575e+002
  1.5653759e+002
  1.5125510e+002
  1.7969745e+002
  1.6842420e+002
  1.5518438e+002
  1.7032860e+002
  1.5687400e+002
  1.6246956e+002
  1.6067187e+002
  1.4764396e+002
  1.5337186e+002
  1.6177238e+002
  1.4920240e+002
  1.5744994e+002
  1.5039302e+002
  1.5764293e+002
  1.3417896e+002
  1.5246021e+002
  1.4007002e+002
  1.3060923e+002
  1.4609595e+002
  1.4992809e+002
  1.5344277e+002
  1.4664497e+002
  1.3161280e+002
  1.4012388e+002
  1.2596504e+002
  1.2752154e+002
  1.4075304e+002
  1.1919399e+002
  1.2478131e+002
  1.3063433e+002
  1.1304046e+002
  1.1569799e+002
  1.2854200e+002
  1.1417792e+002
  1.3430665e+002
  1.2685266e+002
  1.2275075e+002
  1.1955699e+002
  1.1313870e+002
  1.1118965e+002
  1.0470316e+002
  9.9866546e+001
  1.0132724e+002
  1.0075979e+002
  1.2244641e+002
  1.0818859e+002
  1.1217375e+002
  1.0466176e+002
  1.1588506e+002
  1.1413057e+002
  1.1164974e+002
  1.1745501e+002
  1.1749805e+002
  1.0225199e+002
  0.0000000e+000
  0.0000000e+000
  0.0000000e+000
  0.0000000e+000
  0.0000000e+000
  0.0000000e+000
  0.0000000e+000
  0.0000000e+000
  0.0000000e+000
  0.0000000e+000
  0.0000000e+000
  0.0000000e+000
  0.0000000e+000
  0.0000000e+000
  0.0000000e+000
  0.0000000e+000
  1.7141530e+002
  1.6690553e+002
  1.8507694e+002
  1.8044884e+002
  1.8096562e+002
  1.7678136e+002
  1.6583457e+002
  1.6742959e+002
  1.6303827e+002
  1.7279034e+002
  1.7126277e+002
  1.7196887e+002
  1.4514828e+002
  1.4920197e+002
  1.6289396e+002
  1.4863614e+002
  1.4441632e+002
  1.4659306e+002
  1.5032754e+002
  1.3962151e+002
  1.4413815e+002
  1.5187576e+002
  1.4133072e+002
  1.5183690e+002
  1.5527839e+002
  1.5188544e+002
  1.4488634e+002
  1.4852106e+002
  1.5197704e+002
  1.4440614e+002
  1.3298952e+002
  1.3690850e+002
  1.4438940e+002
  1.2466508e+002
  1.4473190e+002
  1.2879687e+002
  1.1654229e+002
  1.2367177e+002
  1.2762612e+002
  1.2252305e+002
  1.2660630e+002
  1.3656104e+002
  1.2028194e+002
  1.1141503e+002
  1.1328571e+002
  1.3296074e+002
  1.2946102e+002
  1.1333982e+002
  1.2554787e+002
  1.2283375e+002
  1.1060583e+002
  1.0980381e+002
  1.0728878e+002
  1.1174679e+002
  1.1482378e+002
  1.0128372e+002
  1.1398070e+002
  1.0291090e+002
  1.0955944e+002
  1.1921118e+002
  1.0778605e+002
  1.1557139e+002
  1.1539932e+002
  1.0913313e+002
  0.0000000e+000
  0.0000000e+000
  0.0000000e+000
  0.0000000e+000
  0.0000000e+000
  0.0000000e+000
  0.0000000e+000
  0.0000000e+000
  0.0000000e+000
  0.0000000e+000
  0.0000000e+000
  0.0000000e+000
  0.0000000e+000
  0.0000000e+000
  0.0000000e+000
  1.8553633e+002
  1.7352815e+002
  1.7384783e+002
  1.6269020e+002
  1.7206342e+002
  1.6505053e+002
  1.5760468e+002
  1.7668282e+002
  1.7104534e+002
  1.6405970e+002
  1.5205783e+002
  1.6255784e+002
  1.6314560e+002
  1.6697332e+002
  1.4609958e+002
  1.7455078e+002
  1.4836534e+002
  1.5341915e+002
  1.5589406e+002
  1.5768306e+002
  1.4928713e+002
  1.4674945e+002
  1.4636717e+002
  1.3989221e+002
  1.5043558e+002
  1.3456919e+002
  1.4944493e+002
  1.5209617e+002
  1.4661807e+002
  1.3946348e+002
  1.4654207e+002
  1.3052615e+002
  1.2366288e+002
  1.2985285e+002
  1.4469644e+002
  1.3361760e+002
  1.2788507e+002
  1.3404289e+002
  1.3525435e+002
  1.2957055e+002
  1.2905342e+002
  1.2529319e+002
  1.1780448e+002
  1.2681135e+002
  1.1878785e+002
  1.1146326e+002
  1.1667473e+002
  1.0808717e+002
  1.0120908e+002
  1.1337917e+002
  1.0309229e+002
  1.0577426e+002
  9.7827569e+001
  1.0403543e+002
  1.0532326e+002
  9.7685853e+001
  1.1170163e+002
  1.1027266e+002
  1.1583408e+002
  1.0426318e+002
  1.0763518e+002
  1.0915540e+002
  1.0665700e+002
  1.1859625e+002
  0.0000000e+000
  0.0000000e+000
  0.0000000e+000
  0.0000000e+000
  0.0000000e+000
  0.0000000e+000
  0.0000000e+000
  0.0000000e+000
  0.0000000e+000
  0.0000000e+000
  0.0000000e+000
  0.0000000e+000
  0.0000000e+000
  0.0000000e+000
  0.0000000e+000
  0.0000000e+000
  1.6332426e+002
  1.8594110e+002
  1.7450826e+002
  1.7034872e+002
  1.7629819e+002
  1.7241620e+002
  1.6924706e+002
  1.6169338e+002
  1.5829782e+002
  1.6613241e+002
  1.5076316e+002
  1.6118148e+002
  1.6377836e+002
  1.4755950e+002
  1.5928251e+002
  1.6273888e+002
  1.4446089e+002
  1.5211425e+002
  1.5775452e+002
  1.5177741e+002
  1.3837787e+002
  1.5967733e+002
  1.4379021e+002
  1.4259406e+002
  1.3574502e+002
  1.3280411e+002
  1.3572374e+002
  1.3145949e+002
  1.3842526e+002
  1.4019093e+002
  1.5475928e+002
  1.3754966e+002
  1.4337442e+002
  1.3141370e+002
  1.4472851e+002
  1.4614712e+002
  1.2772562e+002
  1.3929241e+002
  1.3182012e+002
  1.2602007e+002
  1.2777757e+002
  1.1613031e+002
  1.2722949e+002
  1.3937568e+002
  1.1065900e+002
  1.3423970e+002
  1.1794737e+002
  1.0565656e+002
  1.0793467e+002
  1.2441048e+002
  1.2338312e+002
  1.0780133e+002
  1.0905732e+002
  1.1580870e+002
  1.1214841e+002
  9.9833827e+001
  1.0313923e+002
  1.1299166e+002
  1.1785233e+002
  1.1676804e+002
  1.0570872e+002
  1.1266669e+002
  1.1510507e+002
  1.0044444e+002
  0.0000000e+000
  0.0000000e+000
  0.0000000e+000
  0.0000000e+000
  0.0000000e+000
  0.0000000e+000
  0.0000000e+000
  0.0000000e+000
  0.0000000e+000
  0.0000000e+000
  0.0000000e+000
  0.0000000e+000
  0.0000000e+000
  0.0000000e+000
  0.0000000e+000
  0.0000000e+000
  1.8936711e+002
  1.7532808e+002
  1.6807844e+002
  1.6284620e+002
  1.6983134e+002
  1.5870371e+002
  1.8196572e+002
  1.7934650e+002
  1.7941808e+002
  1.7917780e+002
  1.6476091e+002
  1.7350332e+002
  1.4965531e+002
  1.5513949e+002
  1.6336185e+002
  1.5217522e+002
  1.6383429e+002
  1.6556170e+002
  1.6783055e+002
  1.5659457e+002
  1.5138866e+002
  1.4402125e+002
  1.4566844e+002
  1.4199225e+002
  1.4031634e+002
  1.4941939e+002
  1.5615762e+002
  1.4680793e+002
  1.5463631e+002
  1.3004626e+002
  1.3997782e+002
  1.5409483e+002
  1.2910958e+002
  1.4349746e+002
  1.2530163e+002
  1.4319207e+002
  1.3467429e+002
  1.2214565e+002
  1.3388392e+002
  1.2594652e+002
  1.1648955e+002
  1.2965541e+002
  1.1234083e+002
  1.2034115e+002
  1.1223406e+002
  1.2513224e+002
  1.0789728e+002
  1.2650314e+002
  1.1134846e+002
  1.0363665e+002
  1.0840876e+002
  1.1232063e+002
  1.1148491e+002
  1.0097960e+002
  1.1785817e+002
  1.2373242e+002
  1.1431773e+002
  1.0948446e+002
  1.1438972e+002
  1.1657641e+002
  1.0678240e+002
  1.0640628e+002
  1.1127904e+002
  1.0943499e+002
  0.0000000e+000
  0.0000000e+000
  0.0000000e+000
  0.0000000e+000
  0.0000000e+000
  0.0000000e+000
  0.0000000e+000
  0.0000000e+000
  0.0000000e+000
  0.0000000e+000
  0.0000000e+000
  0.0000000e+000
  0.0000000e+000
  0.0000000e+000
  0.0000000e+000
  0.0000000e+000
  1.8012953e+002
  1.6581460e+002
  1.7994396e+002
  1.7263044e+002
  1.5658981e+002
  1.7828415e+002
  1.8312852e+002
  1.6904955e+002
  1.7212166e+002
  1.6772948e+002
  1.7050161e+002
  1.6153922e+002
  1.7028797e+002
  1.7133345e+002
  1.7120843e+002
  1.5964282e+002
  1.4421241e+002
  1.5852407e+002
  1.4939483e+002
  1.6167972e+002
  1.4601647e+002
  1.3666499e+002
  1.5149447e+002
  1.5221315e+002
  1.3146590e+002
  1.3907891e+002
  1.4173011e+002
  1.3399230e+002
  1.3645855e+002
  1.4869218e+002
  1.4434385e+002
  1.4210749e+002
  1.2718649e+002
  1.4546611e+002
  1.3147045e+002
  1.2784073e+002
  1.4190776e+002
  1.4426619e+002
  1.3477439e+002
  1.2947303e+002
  1.3239685e+002
  1.3291736e+002
  1.3501606e+002
  1.2986586e+002
  1.1448402e+002
  1.1675566e+002
  1.2442661e+002
  1.0899636e+002
  1.0611224e+002
  1.0996032e+002
  1.1325322e+002
  1.0258852e+002
  1.2289495e+002
  1.0599192e+002
  1.0584672e+002
  9.8770952e+001
  1.0596576e+002
  1.1366965e+002
  1.0942481e+002
  1.0216789e+002
  1.0912787e+002
  1.1800277e+002
  1.0220238e+002
  1.1822188e+002
  0.0000000e+000
  0.0000000e+000
  0.0000000e+000
  0.0000000e+000
  0.0000000e+000
  0.0000000e+000
  0.0000000e+000
  0.0000000e+000
  0.0000000e+000
  0.0000000e+000
  0.0000000e+000
  0.0000000e+000
  0.0000000e+000
  0.0000000e+000
  0.0000000e+000
  1.8387601e+002
  1.7282740e+002
  1.7150994e+002
  1.7573012e+002
  1.7594858e+002
  1.8086390e+002
  1.8380656e+002
  1.5703719e+002
  1.7899468e+002
  1.6619260e+002
  1.6533278e+002
  1.6957245e+002
  1.7454587e+002
  1.6696334e+002
  1.6181030e+002
  1.7146772e+002
  1.6850169e+002
  1.5066083e+002
  1.4028802e+002
  1.6537063e+002
  1.6731556e+002
  1.5787803e+002
  1.5322598e+002
  1.3789055e+002
  1.5128476e+002
  1.4067102e+002
  1.5768554e+002
  1.3145515e+002
  1.3404075e+002
  1.3041435e+002
  1.2747812e+002
  1.3613427e+002
  1.5439429e+002
  1.4769274e+002
  1.3433540e+002
  1.3408423e+002
  1.4656633e+002
  1.4056604e+002
  1.3663407e+002
  1.1853648e+002
  1.1813273e+002
  1.2605160e+002
  1.1348291e+002
  1.2582002e+002
  1.3707016e+002
  1.3462819e+002
  1.2127595e+002
  1.0636930e+002
  1.3150135e+002
  1.0304521e+002
  1.0926414e+002
  1.2374533e+002
  1.1176035e+002
  1.1974389e+002
  1.1163148e+002
  1.2163929e+002
  1.2393681e+002
  1.0435014e+002
  1.1045371e+002
  1.1553647e+002
  1.1431694e+002
  1.0688710e+002
  1.0207358e+002
  1.1236060e+002
  0.0000000e+000
  0.0000000e+000
  0.0000000e+000
  0.0000000e+000
  0.0000000e+000
  0.0000000e+000
  0.0000000e+000
  0.0000000e+000
  0.0000000e+000
  0.0000000e+000
  0.0000000e+000
  0.0000000e+000
  0.0000000e+000
  0.0000000e+000
  0.0000000e+000
  0.0000000e+000
  1.8147569e+002
  1.8323462e+002
  1.7976677e+002
  1.7649039e+002
  1.7100293e+002
  1.7977502e+002
  1.8022208e+002
  1.7822162e+002
  1.7334474e+002
  1.7184559e+002
  1.7647420e+002
  1.7780701e+002
  1.5685047e+002
  1.5879061e+002
  1.6554232e+002
  1.7186048e+002
  1.7407596e+002
  1.5900436e+002
  1.5445370e+002
  1.6360555e+002
  1.6593477e+002
  1.4113802e+002
  1.5044752e+002
  1.4715534e+002
  1.4032987e+002
  1.5367899e+002
  1.5334016e+002
  1.4373159e+002
  1.4243238e+002
  1.3529786e+002
  1.4483035e+002
  1.4923776e+002
  1.3250648e+002
  1.2967422e+002
  1.3822993e+002
  1.2373489e+002
  1.3981786e+002
  1.3381299e+002
  1.2779281e+002
  1.2557140e+002
  1.2013643e+002
  1.1536211e+002
  1.2038937e+002
  1.2300658e+002
  1.3362202e+002
  1.2317112e+002
  1.0675249e+002
  1.1728981e+002
  1.0748800e+002
  1.2518062e+002
  1.2022746e+002
  1.1387184e+002
  1.1610773e+002
  1.2387632e+002
  1.1949911e+002
  9.5003739e+001
  1.0953094e+002
  1.1479858e+002
  1.1437673e+002
  1.0585755e+002
  1.0736486e+002
  1.0214352e+002
  1.0603122e+002
  1.1128453e+002
  0.0000000e+000
  0.0000000e+000
  0.0000000e+000
  0.0000000e+000
  0.0000000e+000
  0.0000000e+000
  0.0000000e+000
  0.0000000e+000
  0.0000000e+000
  0.0000000e+000
  0.0000000e+000
  0.0000000e+000
  0.0000000e+000
  0.0000000e+000
  0.0000000e+000
  0.0000000e+000
  1.7844164e+002
  1.7259951e+002
  1.7102926e+002
  1.8112817e+002
  1.6965263e+002
  1.6195704e+002
  1.7518800e+002
  1.6624235e+002
  1.5768879e+002
  1.6805407e+002
  1.5978938e+002
  1.6824720e+002
  1.6043374e+002
  1.5435796e+002
  1.5219101e+002
  1.6512644e+002
  1.5377422e+002
  1.5085248e+002
  1.5123741e+002
  1.5782229e+002
  1.6462589e+002
  1.5162883e+002
  1.5155318e+002
  1.5204533e+002
  1.5326261e+002
  1.5592471e+002
  1.4432227e+002
  1.4611856e+002
  1.5428035e+002
  1.4461785e+002
  1.4292658e+002
  1.4267613e+002
  1.3804007e+002
  1.3629153e+002
  1.3211136e+002
  1.2013791e+002
  1.3998659e+002
  1.3820445e+002
  1.2063564e+002
  1.2630279e+002
  1.1554546e+002
  1.2794708e+002
  1.2058157e+002
  1.1303273e+002
  1.2365172e+002
  1.0691522e+002
  1.3038063e+002
  1.3247289e+002
  1.3170804e+002
  1.1379391e+002
  1.2213150e+002
  1.2098923e+002
  1.0574527e+002
  9.9080442e+001
  1.0358366e+002
  9.7212294e+001
  1.1665065e+002
  1.1091101e+002
  1.0520271e+002
  1.0868669e+002
  1.1346965e+002
  1.0597472e+002
  1.1606556e+002
  1.0466374e+002
  0.0000000e+000
  0.0000000e+000
  0.0000000e+000
  0.0000000e+000
  0.0000000e+000
  0.0000000e+000
  0.0000000e+000
  0.0000000e+000
  0.0000000e+000
  0.0000000e+000
  0.0000000e+000
  0.0000000e+000
  0.0000000e+000
  0.0000000e+000
  0.0000000e+000
  1.7456757e+002
  1.7181267e+002
  1.6576526e+002
  1.6071769e+002
  1.6692325e+002
  1.7467582e+002
  1.6624098e+002
  1.6125445e+002
  1.7386588e+002
  1.7557222e+002
  1.5354103e+002
  1.5407630e+002
  1.5021707e+002
  1.5706230e+002
  1.5731491e+002
  1.7185879e+002
  1.5489189e+002
  1.5990750e+002
  1.6710313e+002
  1.5002511e+002
  1.4964175e+002
  1.4525904e+002
  1.4744650e+002
  1.5002825e+002
  1.3524644e+002
  1.3830535e+002
  1.3224340e+002
  1.4482513e+002
  1.3442845e+002
  1.5532360e+002
  1.4446257e+002
  1.3576644e+002
  1.5055745e+002
  1.3501672e+002
  1.3506588e+002
  1.4567692e+002
  1.3038951e+002
  1.3023777e+002
  1.1790749e+002
  1.2640877e+002
  1.2338029e+002
  1.4020779e+002
  1.3022721e+002
  1.3783627e+002
  1.2866962e+002
  1.2072947e+002
  1.2589046e+002
  1.3276067e+002
  1.2813134e+002
  1.0559975e+002
  1.1109097e+002
  1.0876083e+002
  1.0042018e+002
  1.1648466e+002
  1.1842326e+002
  9.6535330e+001
  1.2307424e+002
  1.0871715e+002
  1.1305937e+002
  1.1577573e+002
  1.0048376e+002
  1.1550649e+002
  1.0179655e+002
  1.1368933e+002
  1.0698046e+002
  0.0000000e+000
  0.0000000e+000
  0.0000000e+000
  0.0000000e+000
  0.0000000e+000
  0.0000000e+000
  0.0000000e+000
  0.0000000e+000
  0.0000000e+000
  0.0000000e+000
  0.0000000e+000
  0.0000000e+000
  0.0000000e+000
  0.0000000e+000
  0.0000000e+000
  1.9123267e+002
  1.8264489e+002
  1.8979297e+002
  1.7463216e+002
  1.6593298e+002
  1.8388023e+002
  1.8117014e+002
  1.7995650e+002
  1.8327352e+002
  1.6424932e+002
  1.5527953e+002
  1.5358667e+002
  1.6648662e+002
  1.5942179e+002
  1.6373436e+002
  1.4981216e+002
  1.4790003e+002
  1.5561676e+002
  1.6984088e+002
  1.6435025e+002
  1.6096517e+002
  1.5057267e+002
  1.5227031e+002
  1.5355953e+002
  1.4882987e+002
  1.3810350e+002
  1.3209457e+002
  1.4897952e+002
  1.4084430e+002
  1.5193204e+002
  1.4954922e+002
  1.4219072e+002
  1.2940480e+002
  1.5376866e+002
  1.2421258e+002
  1.4698131e+002
  1.4122152e+002
  1.2335123e+002
  1.3304330e+002
  1.3793063e+002
  1.1596770e+002
  1.1545286e+002
  1.1281271e+002
  1.2754870e+002
  1.1236415e+002
  1.1752660e+002
  1.3464069e+002
  1.2160847e+002
  1.1738680e+002
  1.2383415e+002
  1.1534168e+002
  1.1423506e+002
  1.2092569e+002
  1.0062170e+002
  1.1060670e+002
  1.1513938e+002
  1.1785894e+002
  1.1353388e+002
  1.1179588e+002
  1.1109054e+002
  1.0204205e+002
  1.1152329e+002
  1.0926949e+002
  1.1961590e+002
  1.0034877e+002
  1.1896173e+002
  0.0000000e+000
  0.0000000e+000
  0.0000000e+000
  0.0000000e+000
  0.0000000e+000
  0.0000000e+000
  0.0000000e+000
  0.0000000e+000
  0.0000000e+000
  0.0000000e+000
  0.0000000e+000
  0.0000000e+000
  0.0000000e+000
  0.0000000e+000
  1.6833647e+002
  1.7936230e+002
  1.7093843e+002
  1.8723813e+002
  1.8962655e+002
  1.7627923e+002
  1.6200162e+002
  1.7508692e+002
  1.5717175e+002
  1.7028761e+002
  1.6124360e+002
  1.7553641e+002
  1.6539588e+002
  1.5371084e+002
  1.7323872e+002
  1.5893730e+002
  1.4587136e+002
  1.7154207e+002
  1.4058123e+002
  1.5143386e+002
  1.4788476e+002
  1.4342139e+002
  1.6210915e+002
  1.4420642e+002
  1.5750520e+002
  1.3518717e+002
  1.3822623e+002
  1.3634896e+002
  1.5066740e+002
  1.5037735e+002
  1.2961676e+002
  1.4155848e+002
  1.3496003e+002
  1.4022974e+002
  1.3268859e+002
  1.2933222e+002
  1.3611738e+002
  1.4972253e+002
  1.2282000e+002
  1.2792171e+002
  1.4079703e+002
  1.3400126e+002
  1.3357161e+002
  1.2658649e+002
  1.3616286e+002
  1.3095100e+002
  1.2766872e+002
  1.3335853e+002
  1.1409151e+002
  1.2349124e+002
  1.2445148e+002
  1.0702409e+002
  1.2808464e+002
  1.2665596e+002
  1.0154508e+002
  1.0046278e+002
  9.9744909e+001
  1.0765725e+002
  1.0347692e+002
  1.1694973e+002
  1.1960413e+002
  1.1211404e+002
  1.1521526e+002
  1.1953222e+002
  1.1887202e+002
  1.0865687e+002
  0.0000000e+000
  0.0000000e+000
  0.0000000e+000
  0.0000000e+000
  0.0000000e+000
  0.0000000e+000
  0.0000000e+000
  0.0000000e+000
  0.0000000e+000
  0.0000000e+000
  0.0000000e+000
  0.0000000e+000
  0.0000000e+000
  0.0000000e+000
  1.6849080e+002
  1.8948914e+002
  1.6478316e+002
  1.7064865e+002
  1.6676275e+002
  1.6862031e+002
  1.5968071e+002
  1.5871385e+002
  1.5982303e+002
  1.5899754e+002
  1.5235130e+002
  1.5067630e+002
  1.7160447e+002
  1.7894474e+002
  1.5281451e+002
  1.6008493e+002
  1.5771422e+002
  1.5813677e+002
  1.4513806e+002
  1.4586184e+002
  1.4139821e+002
  1.6361340e+002
  1.5647779e+002
  1.5303474e+002
  1.5075981e+002
  1.4300772e+002
  1.3867114e+002
  1.5284146e+002
  1.4152730e+002
  1.4321495e+002
  1.5110238e+002
  1.5027603e+002
  1.4622824e+002
  1.5240880e+002
  1.2871617e+002
  1.2746643e+002
  1.2945462e+002
  1.2829749e+002
  1.2445898e+002
  1.3553816e+002
  1.2633558e+002
  1.3227242e+002
  1.1768409e+002
  1.1843568e+002
  1.1085871e+002
  1.2667839e+002
  1.0964026e+002
  1.3470827e+002
  1.2759817e+002
  1.2617486e+002
  1.2735762e+002
  1.2650337e+002
  1.1532590e+002
  1.0085218e+002
  1.2455782e+002
  1.1054477e+002
  1.0967791e+002
  1.1435902e+002
  1.0340257e+002
  1.1109230e+002
  1.1584350e+002
  1.1772833e+002
  1.0760833e+002
  1.1200804e+002
  1.0701338e+002
  1.0100685e+002
  1.0929433e+002
  0.0000000e+000
  0.0000000e+000
  0.0000000e+000
  0.0000000e+000
  0.0000000e+000
  0.0000000e+000
  0.0000000e+000
  0.0000000e+000
  0.0000000e+000
  0.0000000e+000
  0.0000000e+000
  0.0000000e+000
  0.0000000e+000
  1.8444820e+002
  1.9348811e+002
  1.6396495e+002
  1.8662006e+002
  1.7416456e+002
  1.7630853e+002
  1.7425025e+002
  1.6180768e+002
  1.6195152e+002
  1.5671763e+002
  1.7783918e+002
  1.7258715e+002
  1.5171914e+002
  1.5017792e+002
  1.6683564e+002
  1.5274591e+002
  1.7460730e+002
  1.6716244e+002
  1.4315732e+002
  1.6960237e+002
  1.6685993e+002
  1.5084997e+002
  1.5823419e+002
  1.5362601e+002
  1.5788769e+002
  1.5358898e+002
  1.4544263e+002
  1.5160963e+002
  1.4944203e+002
  1.4879585e+002
  1.2997447e+002
  1.3416681e+002
  1.3681438e+002
  1.3897859e+002
  1.2612224e+002
  1.3139050e+002
  1.3294498e+002
  1.2361659e+002
  1.2632923e+002
  1.3711095e+002
  1.4280239e+002
  1.2554678e+002
  1.2905019e+002
  1.2534081e+002
  1.2368380e+002
  1.2881998e+002
  1.3092106e+002
  1.1241356e+002
  1.0581108e+002
  1.1008791e+002
  1.1061947e+002
  1.0750100e+002
  1.1749095e+002
  1.2350168e+002
  1.1345981e+002
  1.0470385e+002
  9.7243197e+001
  1.0244459e+002
  1.1086686e+002
  1.1554179e+002
  1.1575164e+002
  1.0886021e+002
  1.0919545e+002
  1.1192711e+002
  1.0348740e+002
  1.0598567e+002
  1.1382145e+002
  1.0219681e+002
  1.0043457e+002
  0.0000000e+000
  0.0000000e+000
  0.0000000e+000
  0.0000000e+000
  0.0000000e+000
  0.0000000e+000
  0.0000000e+000
  0.0000000e+000
  0.0000000e+000
  0.0000000e+000
  1.8848288e+002
  1.7169824e+002
  1.9450375e+002
  1.8849121e+002
  1.6592939e+002
  1.8786737e+002
  1.6177028e+002
  1.6525676e+002
  1.8379492e+002
  1.7168037e+002
  1.6955897e+002
  1.7552093e+002
  1.6248787e+002
  1.5061829e+002
  1.5515910e+002
  1.4638748e+002
  1.6162339e+002
  1.4693191e+002
  1.4788048e+002
  1.6206391e+002
  1.4874684e+002
  1.5006316e+002
  1.4884467e+002
  1.6369185e+002
  1.4872830e+002
  1.6346584e+002
  1.5912360e+002
  1.3043217e+002
  1.3687109e+002
  1.3295666e+002
  1.3445125e+002
  1.3560065e+002
  1.2743164e+002
  1.4115098e+002
  1.2707863e+002
  1.2877313e+002
  1.4353116e+002
  1.2196784e+002
  1.4106713e+002
  1.2737367e+002
  1.4254152e+002
  1.2179875e+002
  1.2477582e+002
  1.3867033e+002
  1.2893707e+002
  1.1662358e+002
  1.3803465e+002
  1.0562350e+002
  1.2703685e+002
  1.2442184e+002
  1.3474295e+002
  1.1699745e+002
  1.0868568e+002
  1.2054899e+002
  1.1597864e+002
  9.9503694e+001
  1.1056452e+002
  1.2448014e+002
  1.1263881e+002
  1.0554283e+002
  1.1482008e+002
  1.1889385e+002
  1.0112580e+002
  1.1423743e+002
  1.0903580e+002
  1.0611186e+002
  1.0401227e+002
  1.0953750e+002
  1.1385739e+002
  1.0354713e+002
  1.0684253e+002
  0.0000000e+000
  0.0000000e+000
  0.0000000e+000
  0.0000000e+000
  0.0000000e+000
  0.0000000e+000
  0.0000000e+000
  0.0000000e+000
  0.0000000e+000
  1.9312551e+002
  1.8486839e+002
  1.8603464e+002
  1.8028802e+002
  1.7268938e+002
  1.6293713e+002
  1.7406175e+002
  1.5837206e+002
  1.8189642e+002
  1.6474007e+002
  1.6377911e+002
  1.6559938e+002
  1.7788464e+002
  1.6388005e+002
  1.5567775e+002
  1.7352430e+002
  1.7302902e+002
  1.6755126e+002
  1.7452994e+002
  1.4923615e+002
  1.6089164e+002
  1.4250668e+002
  1.4062866e+002
  1.5414772e+002
  1.4287055e+002
  1.3817985e+002
  1.6430661e+002
  1.3045838e+002
  1.4517869e+002
  1.4180882e+002
  1.5530335e+002
  1.4640245e+002
  1.2726123e+002
  1.2833027e+002
  1.2798775e+002
  1.3723064e+002
  1.4773654e+002
  1.4676609e+002
  1.2408616e+002
  1.3869419e+002
  1.3431039e+002
  1.1846088e+002
  1.3775313e+002
  1.2548521e+002
  1.2342588e+002
  1.1005660e+002
  1.2392171e+002
  1.2308318e+002
  1.2552901e+002
  1.1847138e+002
  1.0895172e+002
  1.0545259e+002
  1.0268867e+002
  1.0331165e+002
  1.0385188e+002
  1.0550652e+002
  1.2157647e+002
  1.1274138e+002
  1.0827051e+002
  1.0196220e+002
  1.0359161e+002
  1.0187207e+002
  1.1927215e+002
  1.0146477e+002
  1.1577865e+002
  1.0721092e+002
  1.1284172e+002
  1.0789556e+002
  1.0422323e+002
  1.0424470e+002
  1.1918399e+002
  0.0000000e+000
  0.0000000e+000
  0.0000000e+000
  0.0000000e+000
  0.0000000e+000
  0.0000000e+000
  0.0000000e+000
  0.0000000e+000
  1.6669247e+002
  1.6757172e+002
  1.7145663e+002
  1.9154363e+002
  1.8621526e+002
  1.8287600e+002
  1.8785990e+002
  1.6361022e+002
  1.7317222e+002
  1.8434129e+002
  1.7349990e+002
  1.6016021e+002
  1.7103038e+002
  1.7068050e+002
  1.6627048e+002
  1.5932260e+002
  1.7357010e+002
  1.7484430e+002
  1.7445654e+002
  1.6485865e+002
  1.6313204e+002
  1.4480457e+002
  1.5765251e+002
  1.5023470e+002
  1.5240431e+002
  1.5251831e+002
  1.4654082e+002
  1.3670422e+002
  1.5895003e+002
  1.4583150e+002
  1.5925255e+002
  1.5587259e+002
  1.5193165e+002
  1.4622032e+002
  1.4365290e+002
  1.4756583e+002
  1.4050618e+002
  1.2657285e+002
  1.3604486e+002
  1.2831857e+002
  1.4360130e+002
  1.3710403e+002
  1.1587998e+002
  1.3794160e+002
  1.3508715e+002
  1.3688203e+002
  1.1396430e+002
  1.3157690e+002
  1.2003453e+002
  1.2471766e+002
  1.0721845e+002
  1.0854921e+002
  1.0058105e+002
  1.0686983e+002
  1.0088309e+002
  1.0507916e+002
  1.1024654e+002
  1.0531880e+002
  1.0520755e+002
  1.0566616e+002
  1.0024869e+002
  1.0755158e+002
  1.0866995e+002
  1.0936972e+002
  1.1930841e+002
  1.1972179e+002
  1.0943013e+002
  1.0801473e+002
  1.0943884e+002
  1.1022856e+002
  1.1831419e+002
  1.0838825e+002
  0.0000000e+000
  0.0000000e+000
  0.0000000e+000
  0.0000000e+000
  0.0000000e+000
  0.0000000e+000
  0.0000000e+000
  1.7287086e+002
  1.8093427e+002
  1.9374541e+002
  1.6688747e+002
  1.7519838e+002
  1.6153035e+002
  1.7261445e+002
  1.6318949e+002
  1.6025187e+002
  1.6485991e+002
  1.7077912e+002
  1.8268663e+002
  1.5507787e+002
  1.6948665e+002
  1.6391119e+002
  1.7978898e+002
  1.7023609e+002
  1.6133121e+002
  1.6856155e+002
  1.4813112e+002
  1.4900300e+002
  1.4149904e+002
  1.6775485e+002
  1.5482014e+002
  1.6756861e+002
  1.3726700e+002
  1.4203278e+002
  1.3666277e+002
  1.3667916e+002
  1.5914438e+002
  1.5973905e+002
  1.5827204e+002
  1.3542311e+002
  1.4583279e+002
  1.4497993e+002
  1.5421056e+002
  1.3126512e+002
  1.4280724e+002
  1.2962631e+002
  1.4761331e+002
  1.3758368e+002
  1.1887406e+002
  1.3957606e+002
  1.2096281e+002
  1.1555366e+002
  1.3836284e+002
  1.2858140e+002
  1.1879126e+002
  1.2785552e+002
  1.3138421e+002
  1.3427112e+002
  1.1501137e+002
  1.2662181e+002
  1.2559664e+002
  1.0193182e+002
  1.0363330e+002
  1.0222404e+002
  9.6504137e+001
  9.6987570e+001
  1.1229287e+002
  1.0475222e+002
  1.0946973e+002
  1.1255869e+002
  1.0207556e+002
  1.1932468e+002
  1.0369287e+002
  1.0400036e+002
  1.0148570e+002
  1.1860801e+002
  1.0445674e+002
  1.0467202e+002
  1.1001975e+002
  1.1209703e+002
  0.0000000e+000
  0.0000000e+000
  0.0000000e+000
  0.0000000e+000
  0.0000000e+000
  0.0000000e+000
  0.0000000e+000
  0.0000000e+000
  1.7138550e+002
  1.7939710e+002
  1.8107932e+002
  1.8145782e+002
  1.6975530e+002
  1.8644253e+002
  1.8209167e+002
  1.8522166e+002
  1.6289853e+002
  1.6786322e+002
  1.5845128e+002
  1.8093598e+002
  1.5238433e+002
  1.7338273e+002
  1.6915655e+002
  1.6335933e+002
  1.5463601e+002
  1.7205263e+002
  1.6166303e+002
  1.4794490e+002
  1.4584487e+002
  1.6928790e+002
  1.5800602e+002
  1.5344854e+002
  1.4648356e+002
  1.5571570e+002
  1.5992115e+002
  1.5264601e+002
  1.3966007e+002
  1.3198334e+002
  1.4128756e+002
  1.3090713e+002
  1.2539250e+002
  1.2657059e+002
  1.3087770e+002
  1.4784816e+002
  1.3691959e+002
  1.2089122e+002
  1.4094262e+002
  1.3333092e+002
  1.3492711e+002
  1.2358930e+002
  1.4084883e+002
  1.3977074e+002
  1.3558553e+002
  1.1761395e+002
  1.1136624e+002
  1.2690277e+002
  1.3485756e+002
  1.2668540e+002
  1.0849274e+002
  1.1414149e+002
  1.0474121e+002
  1.0506930e+002
  1.0207273e+002
  1.2286108e+002
  1.1321562e+002
  1.1715703e+002
  1.2244339e+002
  1.0590512e+002
  1.0139629e+002
  1.1192112e+002
  1.1181335e+002
  1.1030291e+002
  1.1636937e+002
  1.1336961e+002
  1.1827604e+002
  1.0984779e+002
  1.1366978e+002
  1.0118206e+002
  1.0410461e+002
  1.1868255e+002
  0.0000000e+000
  0.0000000e+000
  0.0000000e+000
  0.0000000e+000
  0.0000000e+000
  0.0000000e+000
  0.0000000e+000
  0.0000000e+000
  0.0000000e+000
  0.0000000e+000
  1.9113327e+002
  1.9392606e+002
  1.7768388e+002
  1.8761440e+002
  1.8651673e+002
  1.7432550e+002
  1.5627872e+002
  1.6989918e+002
  1.6791859e+002
  1.5873362e+002
  1.5671646e+002
  1.7301901e+002
  1.6620093e+002
  1.6376822e+002
  1.6945986e+002
  1.4790839e+002
  1.5607994e+002
  1.6174933e+002
  1.6537193e+002
  1.4597467e+002
  1.6585562e+002
  1.5753110e+002
  1.5326843e+002
  1.5757743e+002
  1.4921143e+002
  1.5940648e+002
  1.3782901e+002
  1.5527092e+002
  1.3213418e+002
  1.3597822e+002
  1.4651565e+002
  1.3213985e+002
  1.3044946e+002
  1.2810688e+002
  1.4537957e+002
  1.2606003e+002
  1.2467131e+002
  1.2453908e+002
  1.2696541e+002
  1.3664821e+002
  1.2412025e+002
  1.2725529e+002
  1.3005726e+002
  1.2069835e+002
  1.3420409e+002
  1.1199919e+002
  1.1755437e+002
  1.2769414e+002
  1.3319499e+002
  1.2847391e+002
  1.0198549e+002
  1.1639894e+002
  1.1423840e+002
  1.1670085e+002
  1.0616942e+002
  1.1427557e+002
  1.0797620e+002
  1.1268614e+002
  1.0139398e+002
  1.1794467e+002
  1.0036712e+002
  1.1283022e+002
  1.0882311e+002
  1.1712830e+002
  1.1240833e+002
  1.1068196e+002
  1.1555001e+002
  1.1965979e+002
  1.0731471e+002
  1.0909152e+002
  0.0000000e+000
  0.0000000e+000
  0.0000000e+000
  0.0000000e+000
  0.0000000e+000
  0.0000000e+000
  0.0000000e+000
  0.0000000e+000
  0.0000000e+000
  0.0000000e+000
  0.0000000e+000
  0.0000000e+000
  1.7960927e+002
  1.7405112e+002
  1.7623529e+002
  1.8486637e+002
  1.7085845e+002
  1.6363817e+002
  1.6693761e+002
  1.6674613e+002
  1.7166637e+002
  1.6301520e+002
  1.7917684e+002
  1.5901855e+002
  1.6203676e+002
  1.5516355e+002
  1.6778162e+002
  1.5239426e+002
  1.5366369e+002
  1.6576591e+002
  1.6554847e+002
  1.4067814e+002
  1.4712307e+002
  1.4046378e+002
  1.5283835e+002
  1.5464318e+002
  1.3305045e+002
  1.4264400e+002
  1.4699784e+002
  1.3248829e+002
  1.4370157e+002
  1.2563814e+002
  1.5487687e+002
  1.3478757e+002
  1.3994353e+002
  1.3352149e+002
  1.2101790e+002
  1.4105099e+002
  1.1538287e+002
  1.1911595e+002
  1.2319988e+002
  1.3674905e+002
  1.2502138e+002
  1.3682832e+002
  1.3397720e+002
  1.1198362e+002
  1.3342035e+002
  1.1657132e+002
  1.3109606e+002
  1.0871212e+002
  1.1457673e+002
  1.1358462e+002
  1.0592449e+002
  1.0780045e+002
  1.1044540e+002
  1.0201034e+002
  1.1776182e+002
  1.2110970e+002
  1.0679389e+002
  1.1577592e+002
  1.0575927e+002
  1.1694225e+002
  1.0613704e+002
  1.0280756e+002
  1.0113341e+002
  1.0013655e+002
  1.1519466e+002
  1.1144463e+002
  1.0805363e+002
  1.1835809e+002
  0.0000000e+000
  0.0000000e+000
  0.0000000e+000
  0.0000000e+000
  0.0000000e+000
  0.0000000e+000
  0.0000000e+000
  0.0000000e+000
  0.0000000e+000
  0.0000000e+000
  0.0000000e+000
  0.0000000e+000
  0.0000000e+000
  0.0000000e+000
  0.0000000e+000
  1.6668546e+002
  1.7782159e+002
  1.8270855e+002
  1.8269865e+002
  1.5802364e+002
  1.7512550e+002
  1.6108506e+002
  1.7621300e+002
  1.6560533e+002
  1.7066318e+002
  1.6885453e+002
  1.5954760e+002
  1.7233270e+002
  1.4163125e+002
  1.4956753e+002
  1.4165056e+002
  1.4360408e+002
  1.6431288e+002
  1.5764338e+002
  1.4279802e+002
  1.4902582e+002
  1.4233857e+002
  1.3541056e+002
  1.5704920e+002
  1.4216632e+002
  1.2999542e+002
  1.4658208e+002
  1.2596749e+002
  1.5112709e+002
  1.2675972e+002
  1.3509316e+002
  1.3824517e+002
  1.4877795e+002
  1.4086807e+002
  1.3422902e+002
  1.1972132e+002
  1.2556346e+002
  1.1417046e+002
  1.3219097e+002
  1.2837675e+002
  1.3011269e+002
  1.3269075e+002
  1.2966415e+002
  1.2976548e+002
  1.0966765e+002
  1.0609141e+002
  1.0248444e+002
  1.0556511e+002
  1.0002231e+002
  1.1173897e+002
  9.5458769e+001
  9.7141613e+001
  1.0022738e+002
  1.0115870e+002
  1.0786714e+002
  1.1090039e+002
  1.1050412e+002
  1.1737752e+002
  1.0885805e+002
  1.0910518e+002
  1.0664040e+002
  1.1418287e+002
  1.0730502e+002
  1.1631735e+002
  0.0000000e+000
  0.0000000e+000
  0.0000000e+000
  0.0000000e+000
  0.0000000e+000
  0.0000000e+000
  0.0000000e+000
  0.0000000e+000
  0.0000000e+000
  0.0000000e+000
  0.0000000e+000
  0.0000000e+000
  0.0000000e+000
  0.0000000e+000
  0.0000000e+000
  0.0000000e+000
  0.0000000e+000
  0.0000000e+000
  1.8013700e+002
  1.8486339e+002
  1.6566324e+002
  1.7379013e+002
  1.6135934e+002
  1.7727683e+002
  1.6522436e+002
  1.6475362e+002
  1.5081822e+002
  1.5314244e+002
  1.5010230e+002
  1.5783175e+002
  1.4905462e+002
  1.6469584e+002
  1.5782941e+002
  1.4291250e+002
  1.3537554e+002
  1.4059448e+002
  1.6463463e+002
  1.4463532e+002
  1.4085535e+002
  1.4360542e+002
  1.3261661e+002
  1.2625723e+002
  1.3097984e+002
  1.3797080e+002
  1.2648605e+002
  1.3391019e+002
  1.4279210e+002
  1.3993706e+002
  1.4097383e+002
  1.3928547e+002
  1.1722333e+002
  1.2180481e+002
  1.1603605e+002
  1.3929735e+002
  1.2172558e+002
  1.1405401e+002
  1.3341834e+002
  1.2529688e+002
  1.2295222e+002
  1.0808336e+002
  1.2261987e+002
  1.2988872e+002
  1.0235861e+002
  1.1352867e+002
  1.0914839e+002
  1.1230147e+002
  1.0540831e+002
  1.1819447e+002
  1.0681280e+002
  1.0610398e+002
  1.0073118e+002
  1.1228525e+002
  1.1399049e+002
  1.1113178e+002
  1.0208847e+002
  1.1115084e+002
  1.0642487e+002
  1.0180980e+002
  1.1990422e+002
  1.1410873e+002
  0.0000000e+000
  0.0000000e+000
  0.0000000e+000
  0.0000000e+000
  0.0000000e+000
  0.0000000e+000
  0.0000000e+000
  0.0000000e+000
  0.0000000e+000
  0.0000000e+000
  0.0000000e+000
  0.0000000e+000
  0.0000000e+000
  0.0000000e+000
  0.0000000e+000
  0.0000000e+000
  0.0000000e+000
  0.0000000e+000
  0.0000000e+000
  0.0000000e+000
  1.6550934e+002
  1.6699064e+002
  1.7331695e+002
  1.5335084e+002
  1.6436315e+002
  1.4877362e+002
  1.5874135e+002
  1.5651803e+002
  1.6748665e+002
  1.4245191e+002
  1.6210640e+002
  1.6599053e+002
  1.4004753e+002
  1.4155561e+002
  1.5512980e+002
  1.6011389e+002
  1.5520341e+002
  1.5768600e+002
  1.4175324e+002
  1.3707483e+002
  1.3789072e+002
  1.3808976e+002
  1.3908802e+002
  1.4445999e+002
  1.5262476e+002
  1.2181016e+002
  1.3227605e+002
  1.4669731e+002
  1.4154247e+002
  1.4343464e+002
  1.3757295e+002
  1.3560008e+002
  1.3817221e+002
  1.2130111e+002
  1.1419063e+002
  1.3136037e+002
  1.1594597e+002
  1.1557165e+002
  1.2010347e+002
  1.2366746e+002
  1.3349557e+002
  1.2013090e+002
  1.0256249e+002
  1.1549783e+002
  1.0667397e+002
  9.5337619e+001
  1.1566366e+002
  9.5017818e+001
  1.2363944e+002
  1.0099910e+002
  1.1721721e+002
  1.0117703e+002
  1.0974083e+002
  1.0771091e+002
  1.0665925e+002
  1.1814147e+002
  1.1345509e+002
  1.1186943e+002
  1.0708246e+002
  1.1898683e+002
  0.0000000e+000
  0.0000000e+000
  0.0000000e+000
  0.0000000e+000
  0.0000000e+000
  0.0000000e+000
  0.0000000e+000
  0.0000000e+000
  0.0000000e+000
  0.0000000e+000
  0.0000000e+000
  0.0000000e+000
  0.0000000e+000
  0.0000000e+000
  0.0000000e+000
  0.0000000e+000
  0.0000000e+000
  0.0000000e+000
  0.0000000e+000
  0.0000000e+000
  0.0000000e+000
  0.0000000e+000
  1.7657153e+002
  1.7134134e+002
  1.6466487e+002
  1.5436337e+002
  1.6953172e+002
  1.7038479e+002
  1.6553167e+002
  1.6536273e+002
  1.4520309e+002
  1.4262405e+002
  1.4185069e+002
  1.4238730e+002
  1.4020549e+002
  1.5015221e+002
  1.6223022e+002
  1.3383442e+002
  1.3982359e+002
  1.4426386e+002
  1.5082297e+002
  1.4475732e+002
  1.3469340e+002
  1.5489249e+002
  1.3775797e+002
  1.4965158e+002
  1.4463420e+002
  1.4405811e+002
  1.4903904e+002
  1.3799356e+002
  1.3692305e+002
  1.2553914e+002
  1.2426014e+002
  1.2508686e+002
  1.1480517e+002
  1.2804338e+002
  1.2618250e+002
  1.1147897e+002
  1.0982917e+002
  1.0886517e+002
  1.1164447e+002
  1.2108423e+002
  1.2725555e+002
  1.2442872e+002
  1.2028179e+002
  9.7029754e+001
  9.8667435e+001
  1.1351069e+002
  1.1938253e+002
  1.1149183e+002
  1.0514365e+002
  1.1956373e+002
  1.0863456e+002
  1.0816476e+002
  1.1288387e+002
  1.1298338e+002
  1.1119041e+002
  1.0770200e+002
  1.1548914e+002
  1.1439685e+002
  0.0000000e+000
  0.0000000e+000
  0.0000000e+000
  0.0000000e+000
  0.0000000e+000
  0.0000000e+000
  0.0000000e+000
  0.0000000e+000
  0.0000000e+000
  0.0000000e+000
  0.0000000e+000
  0.0000000e+000
  0.0000000e+000
  0.0000000e+000
  0.0000000e+000
  0.0000000e+000
  0.0000000e+000
  0.0000000e+000
  0.0000000e+000
  0.0000000e+000
  0.0000000e+000
  0.0000000e+000
  0.0000000e+000
  0.0000000e+000
  1.5107485e+002
  1.4945477e+002
  1.4509658e+002
  1.4838025e+002
  1.5038205e+002
  1.6380098e+002
  1.6352908e+002
  1.5891143e+002
  1.4443878e+002
  1.3620610e+002
  1.4173614e+002
  1.4895189e+002
  1.5998970e+002
  1.4226440e+002
  1.4548811e+002
  1.3606061e+002
  1.3945467e+002
  1.5199546e+002
  1.2866385e+002
  1.5322010e+002
  1.3772632e+002
  1.3154446e+002
  1.4950153e+002
  1.2851101e+002
  1.3707514e+002
  1.1553344e+002
  1.3192539e+002
  1.2690474e+002
  1.1919015e+002
  1.2763703e+002
  1.3397561e+002
  1.3710478e+002
  1.2745756e+002
  1.1996507e+002
  1.3381633e+002
  1.2651654e+002
  1.1716593e+002
  1.1082139e+002
  1.1452427e+002
  1.1392617e+002
  1.1332920e+002
  1.1132400e+002
  9.8023836e+001
  1.2416090e+002
  1.0407642e+002
  1.0383584e+002
  1.1868275e+002
  1.1345317e+002
  1.0392584e+002
  1.0061412e+002
  1.1561547e+002
  1.0824734e+002
  1.0638469e+002
  1.0042507e+002
  1.1783258e+002
  1.1955348e+002
  0.0000000e+000
  0.0000000e+000
  0.0000000e+000
  0.0000000e+000
  0.0000000e+000
  0.0000000e+000
  0.0000000e+000
  0.0000000e+000
  0.0000000e+000
  0.0000000e+000
  0.0000000e+000
  0.0000000e+000
  0.0000000e+000
  0.0000000e+000
  0.0000000e+000
  0.0000000e+000
  0.0000000e+000
  0.0000000e+000
  0.0000000e+000
  0.0000000e+000
  0.0000000e+000
  0.0000000e+000
  0.0000000e+000
  0.0000000e+000
  0.0000000e+000
  1.6574248e+002
  1.5602711e+002
  1.4756599e+002
  1.7384566e+002
  1.6846410e+002
  1.6179821e+002
  1.5510268e+002
  1.5194359e+002
  1.3849479e+002
  1.6387118e+002
  1.6376808e+002
  1.4592397e+002
  1.5498005e+002
  1.4599105e+002
  1.4780396e+002
  1.3475803e+002
  1.3060310e+002
  1.4532650e+002
  1.2830886e+002
  1.4550947e+002
  1.3097705e+002
  1.3737847e+002
  1.2915156e+002
  1.2186725e+002
  1.4304208e+002
  1.3479863e+002
  1.3929079e+002
  1.2816103e+002
  1.1863605e+002
  1.3907476e+002
  1.1185058e+002
  1.1597417e+002
  1.1656140e+002
  1.0990617e+002
  1.2662676e+002
  1.1774608e+002
  1.1846976e+002
  1.0350956e+002
  1.0789285e+002
  1.2514763e+002
  1.2056774e+002
  1.2404679e+002
  1.0116012e+002
  1.0307886e+002
  1.1343943e+002
  1.1759782e+002
  1.1328579e+002
  1.1345295e+002
  1.1769223e+002
  1.1105057e+002
  1.0108871e+002
  1.0737015e+002
  1.1166234e+002
  1.0816473e+002
  0.0000000e+000
  0.0000000e+000
  0.0000000e+000
  0.0000000e+000
  0.0000000e+000
  0.0000000e+000
  0.0000000e+000
  0.0000000e+000
  0.0000000e+000
  0.0000000e+000
  0.0000000e+000
  0.0000000e+000
  0.0000000e+000
  0.0000000e+000
  0.0000000e+000
  0.0000000e+000
  0.0000000e+000
  0.0000000e+000
  0.0000000e+000
  0.0000000e+000
  0.0000000e+000
  0.0000000e+000
  0.0000000e+000
  0.0000000e+000
  0.0000000e+000
  0.0000000e+000
  0.0000000e+000
  0.0000000e+000
  1.6594029e+002
  1.5246316e+002
  1.4327877e+002
  1.4151369e+002
  1.4549079e+002
  1.4446042e+002
  1.4620003e+002
  1.4555794e+002
  1.6340551e+002
  1.4139474e+002
  1.4168343e+002
  1.3662619e+002
  1.4896447e+002
  1.4585466e+002
  1.3325265e+002
  1.4648950e+002
  1.4469713e+002
  1.5075588e+002
  1.3490084e+002
  1.4459877e+002
  1.3644618e+002
  1.4894905e+002
  1.3161846e+002
  1.3521005e+002
  1.4031372e+002
  1.2650796e+002
  1.2122742e+002
  1.2090199e+002
  1.3354751e+002
  1.2739466e+002
  1.1403101e+002
  1.2150089e+002
  1.1727465e+002
  1.3293379e+002
  1.0255015e+002
  1.0860282e+002
  1.1586194e+002
  1.1770085e+002
  1.1101431e+002
  1.0296617e+002
  9.7282779e+001
  1.0505701e+002
  1.0261442e+002
  1.1579118e+002
  1.0185149e+002
  1.0366394e+002
  1.0795437e+002
  1.1803646e+002
  1.0967069e+002
  1.1034741e+002
  1.0116668e+002
  1.1219576e+002
  0.0000000e+000
  0.0000000e+000
  0.0000000e+000
  0.0000000e+000
  0.0000000e+000
  0.0000000e+000
  0.0000000e+000
  0.0000000e+000
  0.0000000e+000
  0.0000000e+000
  0.0000000e+000
  0.0000000e+000
  0.0000000e+000
  0.0000000e+000
  0.0000000e+000
  0.0000000e+000
  0.0000000e+000
  0.0000000e+000
  0.0000000e+000
  0.0000000e+000
  0.0000000e+000
  0.0000000e+000
  0.0000000e+000
  0.0000000e+000
  0.0000000e+000
  0.0000000e+000
  0.0000000e+000
  0.0000000e+000
  0.0000000e+000
  0.0000000e+000
  1.4485111e+002
  1.5492814e+002
  1.6562003e+002
  1.5078801e+002
  1.3504546e+002
  1.3611704e+002
  1.5034645e+002
  1.5540638e+002
  1.5184796e+002
  1.4828102e+002
  1.5053312e+002
  1.3828181e+002
  1.3563236e+002
  1.3195844e+002
  1.4436640e+002
  1.4074455e+002
  1.4676661e+002
  1.4106410e+002
  1.3099651e+002
  1.3786425e+002
  1.1732323e+002
  1.1763325e+002
  1.3602556e+002
  1.2326619e+002
  1.1575372e+002
  1.2470627e+002
  1.3085197e+002
  1.3245313e+002
  1.2396984e+002
  1.1086092e+002
  1.2049045e+002
  1.2521043e+002
  1.2674198e+002
  1.1779888e+002
  1.2821640e+002
  1.1739075e+002
  9.7196232e+001
  1.1059145e+002
  9.7746920e+001
  1.0724360e+002
  1.0532562e+002
  1.1069418e+002
  1.0066353e+002
  1.1619538e+002
  1.1244845e+002
  1.1854076e+002
  1.0787072e+002
  1.1855829e+002
  1.1411811e+002
  1.0641760e+002
  0.0000000e+000
  0.0000000e+000
  0.0000000e+000
  0.0000000e+000
  0.0000000e+000
  0.0000000e+000
  0.0000000e+000
  0.0000000e+000
  0.0000000e+000
  0.0000000e+000
  0.0000000e+000
  0.0000000e+000
  0.0000000e+000
  0.0000000e+000
  0.0000000e+000
  0.0000000e+000
  0.0000000e+000
  0.0000000e+000
  0.0000000e+000
  0.0000000e+000
  0.0000000e+000
  0.0000000e+000
  0.0000000e+000
  0.0000000e+000
  0.0000000e+000
  0.0000000e+000
  0.0000000e+000
  0.0000000e+000
  0.0000000e+000
  0.0000000e+000
  0.0000000e+000
  0.0000000e+000
  1.4873129e+002
  1.6664114e+002
  1.6178916e+002
  1.4108473e+002
  1.4890000e+002
  1.5895941e+002
  1.5194462e+002
  1.3383007e+002
  1.3937696e+002
  1.4296456e+002
  1.3834232e+002
  1.3204974e+002
  1.4337482e+002
  1.3982530e+002
  1.3620344e+002
  1.2988110e+002
  1.3795663e+002
  1.3102972e+002
  1.4323816e+002
  1.1979126e+002
  1.1785995e+002
  1.3989714e+002
  1.3196714e+002
  1.2713599e+002
  1.2603954e+002
  1.3811301e+002
  1.2223940e+002
  1.2135057e+002
  1.1854842e+002
  1.0902339e+002
  1.1295635e+002
  1.1963621e+002
  1.1829306e+002
  1.2996653e+002
  1.1805739e+002
  1.0542819e+002
  1.1012841e+002
  1.1433667e+002
  1.0684663e+002
  1.0488730e+002
  1.1760178e+002
  1.1105019e+002
  1.0374862e+002
  1.1799530e+002
  1.0178477e+002
  1.0485257e+002
  1.0655416e+002
  1.1003230e+002
  0.0000000e+000
  0.0000000e+000
  0.0000000e+000
  0.0000000e+000
  0.0000000e+000
  0.0000000e+000
  0.0000000e+000
  0.0000000e+000
  0.0000000e+000
  0.0000000e+000
  0.0000000e+000
  0.0000000e+000
  0.0000000e+000
  0.0000000e+000
  0.0000000e+000
  0.0000000e+000
  0.0000000e+000
  0.0000000e+000
  0.0000000e+000
  0.0000000e+000
  0.0000000e+000
  0.0000000e+000
  0.0000000e+000
  0.0000000e+000
  0.0000000e+000
  0.0000000e+000
  0.0000000e+000
  0.0000000e+000
  0.0000000e+000
  0.0000000e+000
  0.0000000e+000
  0.0000000e+000
  0.0000000e+000
  0.0000000e+000
  1.4276334e+002
  1.5847093e+002
  1.4674157e+002
  1.4783704e+002
  1.5666985e+002
  1.5285332e+002
  1.4726290e+002
  1.5938176e+002
  1.5117370e+002
  1.2966893e+002
  1.3871768e+002
  1.4034815e+002
  1.2371972e+002
  1.2145086e+002
  1.3985709e+002
  1.4981488e+002
  1.3441620e+002
  1.4031772e+002
  1.3247858e+002
  1.2228630e+002
  1.2874788e+002
  1.2565022e+002
  1.2159236e+002
  1.2474210e+002
  1.3087354e+002
  1.1928640e+002
  1.1901684e+002
  1.3495617e+002
  1.1651323e+002
  1.0374248e+002
  1.1063566e+002
  1.2208301e+002
  1.2397054e+002
  1.1451562e+002
  1.2336609e+002
  1.0685320e+002
  1.1626115e+002
  1.0390478e+002
  1.0094960e+002
  1.1721645e+002
  1.0747140e+002
  1.0050023e+002
  1.0839818e+002
  1.1463574e+002
  1.0330933e+002
  0.0000000e+000
  0.0000000e+000
  0.0000000e+000
  0.0000000e+000
  0.0000000e+000
  0.0000000e+000
  0.0000000e+000
  0.0000000e+000
  0.0000000e+000
  0.0000000e+000
  0.0000000e+000
  0.0000000e+000
  0.0000000e+000
  0.0000000e+000
  0.0000000e+000
  0.0000000e+000
  0.0000000e+000
  0.0000000e+000
  0.0000000e+000
  0.0000000e+000
  0.0000000e+000
  0.0000000e+000
  0.0000000e+000
  0.0000000e+000
  0.0000000e+000
  0.0000000e+000
  0.0000000e+000
  0.0000000e+000
  0.0000000e+000
  0.0000000e+000
  0.0000000e+000
  0.0000000e+000
  0.0000000e+000
  0.0000000e+000
  0.0000000e+000
  0.0000000e+000
  0.0000000e+000
  1.3994708e+002
  1.5191711e+002
  1.4717612e+002
  1.5136035e+002
  1.4004329e+002
  1.3722236e+002
  1.4250564e+002
  1.3952749e+002
  1.4514049e+002
  1.3193028e+002
  1.2551922e+002
  1.4987138e+002
  1.4040523e+002
  1.2373799e+002
  1.3219554e+002
  1.1998033e+002
  1.1770143e+002
  1.3992184e+002
  1.2344172e+002
  1.3109864e+002
  1.2490834e+002
  1.3380114e+002
  1.2461791e+002
  1.3354155e+002
  1.0636575e+002
  1.1026993e+002
  1.2566740e+002
  1.0216872e+002
  1.1889115e+002
  1.0159507e+002
  1.1653851e+002
  1.1445206e+002
  1.1639217e+002
  9.7898992e+001
  1.1199876e+002
  1.0355332e+002
  1.1295598e+002
  1.0816120e+002
  1.1445528e+002
  1.1587311e+002
  1.1676102e+002
  1.1359582e+002
  1.1481867e+002
  0.0000000e+000
  0.0000000e+000
  0.0000000e+000
  0.0000000e+000
  0.0000000e+000
  0.0000000e+000
  0.0000000e+000
  0.0000000e+000
  0.0000000e+000
  0.0000000e+000
  0.0000000e+000
  0.0000000e+000
  0.0000000e+000
  0.0000000e+000
  0.0000000e+000
  0.0000000e+000
  0.0000000e+000
  0.0000000e+000
  0.0000000e+000
  0.0000000e+000
  0.0000000e+000
  0.0000000e+000
  0.0000000e+000
  0.0000000e+000
  0.0000000e+000
  0.0000000e+000
  0.0000000e+000
  0.0000000e+000
  0.0000000e+000
  0.0000000e+000
  0.0000000e+000
  0.0000000e+000
  0.0000000e+000
  0.0000000e+000
  0.0000000e+000
  0.0000000e+000
  0.0000000e+000
  0.0000000e+000
  0.0000000e+000
  0.0000000e+000
  1.4402958e+002
  1.4182140e+002
  1.3630928e+002
  1.4032113e+002
  1.5400022e+002
  1.2597520e+002
  1.5359800e+002
  1.3422108e+002
  1.3421820e+002
  1.2747930e+002
  1.3875116e+002
  1.1783780e+002
  1.3749788e+002
  1.3786212e+002
  1.2782943e+002
  1.1475268e+002
  1.2552503e+002
  1.1014015e+002
  1.2134686e+002
  1.1275982e+002
  1.3105135e+002
  1.2591562e+002
  1.2679118e+002
  1.2552831e+002
  1.0077704e+002
  1.2622452e+002
  1.0980890e+002
  1.2215950e+002
  9.7879425e+001
  9.7414954e+001
  1.0440548e+002
  1.0988490e+002
  1.1073856e+002
  1.0079168e+002
  1.0502474e+002
  1.0435963e+002
  1.0947951e+002
  1.1782288e+002
  1.1585831e+002
  0.0000000e+000
  0.0000000e+000
  0.0000000e+000
  0.0000000e+000
  0.0000000e+000
  0.0000000e+000
  0.0000000e+000
  0.0000000e+000
  0.0000000e+000
  0.0000000e+000
  0.0000000e+000
  0.0000000e+000
  0.0000000e+000
  0.0000000e+000
  0.0000000e+000
  0.0000000e+000
  0.0000000e+000
  0.0000000e+000
  0.0000000e+000
  0.0000000e+000
  0.0000000e+000
  0.0000000e+000
  0.0000000e+000
  0.0000000e+000
  0.0000000e+000
  0.0000000e+000
  0.0000000e+000
  0.0000000e+000
  0.0000000e+000
  0.0000000e+000
  0.0000000e+000
  0.0000000e+000
  0.0000000e+000
  0.0000000e+000
  0.0000000e+000
  0.0000000e+000
  0.0000000e+000
  0.0000000e+000
  0.0000000e+000
  0.0000000e+000
  0.0000000e+000
  0.0000000e+000
  0.0000000e+000
  0.0000000e+000
  0.0000000e+000
  0.0000000e+000
  0.0000000e+000
  0.0000000e+000
  0.0000000e+000
  0.0000000e+000
  1.2625574e+002
  1.2923735e+002
  1.3073586e+002
  1.4184258e+002
  1.2747132e+002
  1.2179903e+002
  1.2139588e+002
  1.2284438e+002
  1.2901455e+002
  1.1876787e+002
  1.2966969e+002
  1.1395738e+002
  1.1381499e+002
  1.2467794e+002
  1.2619515e+002
  1.1628277e+002
  1.2522809e+002
  1.1926573e+002
  1.1263299e+002
  1.1026895e+002
  9.6593559e+001
  1.1122834e+002
  1.0557497e+002
  1.1092912e+002
  1.1617494e+002
  1.0760219e+002
  1.0174577e+002
  1.0271632e+002
  1.1456804e+002
  0.0000000e+000
  0.0000000e+000
  0.0000000e+000
  0.0000000e+000
  0.0000000e+000
  0.0000000e+000
  0.0000000e+000
  0.0000000e+000
  0.0000000e+000
  0.0000000e+000
  0.0000000e+000
  0.0000000e+000
  0.0000000e+000
  0.0000000e+000
  0.0000000e+000
  0.0000000e+000
  0.0000000e+000
  0.0000000e+000
  0.0000000e+000
  0.0000000e+000
  0.0000000e+000
  0.0000000e+000
  0.0000000e+000
  0.0000000e+000
  0.0000000e+000
  0.0000000e+000
  0.0000000e+000
  0.0000000e+000
  0.0000000e+000
  0.0000000e+000
  0.0000000e+000
  0.0000000e+000
  0.0000000e+000
  0.0000000e+000
  0.0000000e+000
  0.0000000e+000
  0.0000000e+000
  0.0000000e+000
  0.0000000e+000
  0.0000000e+000
  0.0000000e+000
  0.0000000e+000
  0.0000000e+000
  0.0000000e+000
  0.0000000e+000
  0.0000000e+000
  0.0000000e+000
  0.0000000e+000
  0.0000000e+000
  0.0000000e+000
  0.0000000e+000
  0.0000000e+000
  0.0000000e+000
  0.0000000e+000
  0.0000000e+000
  0.0000000e+000
  0.0000000e+000
  1.3206137e+002
  1.3103560e+002
  1.2298090e+002
  1.2961843e+002
  1.2925113e+002
  1.1521669e+002
  1.1404231e+002
  1.1849635e+002
  1.0538560e+002
  1.2765658e+002
  1.2019849e+002
  1.1879005e+002
  1.0840451e+002
  1.1914090e+002
  1.2094272e+002
  1.0063684e+002
  1.1041408e+002
  1.0720742e+002
  1.0683682e+002
  1.0135473e+002
  1.1306848e+002
  0.0000000e+000
  0.0000000e+000
  0.0000000e+000
  0.0000000e+000
  0.0000000e+000
  0.0000000e+000
  0.0000000e+000
  0.0000000e+000
  0.0000000e+000
  0.0000000e+000
  0.0000000e+000
  0.0000000e+000
  0.0000000e+000
  0.0000000e+000
  0.0000000e+000
  0.0000000e+000
  0.0000000e+000
  0.0000000e+000
  0.0000000e+000
  0.0000000e+000
  0.0000000e+000
  0.0000000e+000
  0.0000000e+000
  0.0000000e+000
  0.0000000e+000
  0.0000000e+000
  0.0000000e+000
  0.0000000e+000
  0.0000000e+000
  0.0000000e+000
  0.0000000e+000
  0.0000000e+000
  0.0000000e+000
  0.0000000e+000
  0.0000000e+000
  0.0000000e+000
  0.0000000e+000
  0.0000000e+000
  0.0000000e+000
  0.0000000e+000
  0.0000000e+000
  0.0000000e+000
  0.0000000e+000
  0.0000000e+000
  0.0000000e+000
  0.0000000e+000
  0.0000000e+000
  0.0000000e+000
  0.0000000e+000
  0.0000000e+000
  0.0000000e+000
  0.0000000e+000
  0.0000000e+000
  0.0000000e+000
  0.0000000e+000
  0.0000000e+000
  0.0000000e+000
  0.0000000e+000
  0.0000000e+000
  0.0000000e+000
  0.0000000e+000
  0.0000000e+000
  0.0000000e+000
  0.0000000e+000
  0.0000000e+000
  0.0000000e+000
  0.0000000e+000
  0.0000000e+000
  1.0364054e+002
  1.2132450e+002
  1.0261307e+002
  9.8015881e+001
  9.5106751e+001
  1.0850671e+002
  1.2482750e+002
  1.1459330e+002
  1.1724392e+002
  0.0000000e+000
  0.0000000e+000
  0.0000000e+000
  0.0000000e+000
  0.0000000e+000
  0.0000000e+000
  0.0000000e+000
  0.0000000e+000
  0.0000000e+000
  0.0000000e+000
  0.0000000e+000
  0.0000000e+000
  0.0000000e+000
  0.0000000e+000
  0.0000000e+000
  0.0000000e+000
  0.0000000e+000
  0.0000000e+000
  0.0000000e+000
  0.0000000e+000
  0.0000000e+000
  0.0000000e+000
  0.0000000e+000
  0.0000000e+000
  0.0000000e+000
  0.0000000e+000
  0.0000000e+000
  0.0000000e+000
  0.0000000e+000
  0.0000000e+000
  0.0000000e+000
  0.0000000e+000
  0.0000000e+000
  0.0000000e+000
  0.0000000e+000
  0.0000000e+000
  0.0000000e+000
  0.0000000e+000
  0.0000000e+000
  0.0000000e+000
  0.0000000e+000
  0.0000000e+000
  0.0000000e+000
  0.0000000e+000
  0.0000000e+000
  0.0000000e+000
  0.0000000e+000
  0.0000000e+000
  0.0000000e+000
  0.0000000e+000
  0.0000000e+000
  0.0000000e+000
  0.0000000e+000
  0.0000000e+000
  0.0000000e+000
  0.0000000e+000
  0.0000000e+000
  0.0000000e+000
  0.0000000e+000
  0.0000000e+000
  0.0000000e+000
  0.0000000e+000
  0.0000000e+000
  0.0000000e+000
  0.0000000e+000
  0.0000000e+000
  0.0000000e+000
  0.0000000e+000
  0.0000000e+000
  0.0000000e+000
  0.0000000e+000
  0.0000000e+000
  0.0000000e+000
  0.0000000e+000
  0.0000000e+000
  0.0000000e+000
  0.0000000e+000
  0.0000000e+000
  0.0000000e+000
  0.0000000e+000
  0.0000000e+000
  0.0000000e+000
  0.0000000e+000
  0.0000000e+000
  0.0000000e+000
  0.0000000e+000
  0.0000000e+000
  0.0000000e+000
  0.0000000e+000
  0.0000000e+000
  0.0000000e+000
  0.0000000e+000
  0.0000000e+000
  0.0000000e+000
  0.0000000e+000
  0.0000000e+000
  0.0000000e+000
  0.0000000e+000
  0.0000000e+000
  0.0000000e+000
  0.0000000e+000
  0.0000000e+000
  0.0000000e+000
  0.0000000e+000
  0.0000000e+000
  0.0000000e+000
  0.0000000e+000
  0.0000000e+000
  0.0000000e+000
  0.0000000e+000
  0.0000000e+000
  0.0000000e+000
  0.0000000e+000
  0.0000000e+000
  0.0000000e+000
  0.0000000e+000
  0.0000000e+000
  0.0000000e+000
  0.0000000e+000
  0.0000000e+000
  0.0000000e+000
  0.0000000e+000
  0.0000000e+000
  0.0000000e+000
  0.0000000e+000
  0.0000000e+000
  0.0000000e+000
  0.0000000e+000
  0.0000000e+000
  0.0000000e+000
  0.0000000e+000
  0.0000000e+000
  0.0000000e+000
  0.0000000e+000
  0.0000000e+000
  0.0000000e+000
  0.0000000e+000
  0.0000000e+000
  0.0000000e+000
  0.0000000e+000
  0.0000000e+000
  0.0000000e+000
  0.0000000e+000
  0.0000000e+000
  0.0000000e+000
  0.0000000e+000
  0.0000000e+000
  0.0000000e+000
  0.0000000e+000
  0.0000000e+000
  0.0000000e+000
  0.0000000e+000
  0.0000000e+000
  0.0000000e+000
  0.0000000e+000
  0.0000000e+000
  0.0000000e+000
  0.0000000e+000
  0.0000000e+000
  0.0000000e+000
  0.0000000e+000
  0.0000000e+000
  0.0000000e+000
  0.0000000e+000
  0.0000000e+000
  0.0000000e+000
  0.0000000e+000
  0.0000000e+000
  0.0000000e+000
  0.0000000e+000
  0.0000000e+000
  0.0000000e+000
  0.0000000e+000
  0.0000000e+000
  0.0000000e+000
  0.0000000e+000
  0.0000000e+000
  0.0000000e+000
  0.0000000e+000
  0.0000000e+000
  0.0000000e+000
  0.0000000e+000
  0.0000000e+000
  0.0000000e+000
  0.0000000e+000
  0.0000000e+000
  0.0000000e+000
  0.0000000e+000
  0.0000000e+000
  0.0000000e+000
  0.0000000e+000
  0.0000000e+000
  0.0000000e+000
  0.0000000e+000
  0.0000000e+000
  0.0000000e+000
  0.0000000e+000
  0.0000000e+000
  0.0000000e+000
  0.0000000e+000
  0.0000000e+000
  0.0000000e+000
  0.0000000e+000
  0.0000000e+000
  0.0000000e+000
  0.0000000e+000
  0.0000000e+000
  0.0000000e+000
  0.0000000e+000
  0.0000000e+000
  0.0000000e+000
  0.0000000e+000
  0.0000000e+000
  0.0000000e+000
  0.0000000e+000
  0.0000000e+000
  0.0000000e+000
  0.0000000e+000
  0.0000000e+000
  0.0000000e+000
  0.0000000e+000
  0.0000000e+000
  0.0000000e+000
  0.0000000e+000
  0.0000000e+000
  0.0000000e+000
  0.0000000e+000
  0.0000000e+000
  0.0000000e+000
  0.0000000e+000
  0.0000000e+000
  0.0000000e+000
  0.0000000e+000
  0.0000000e+000
  0.0000000e+000
  0.0000000e+000
  0.0000000e+000
  0.0000000e+000
  0.0000000e+000
  0.0000000e+000
  0.0000000e+000
  0.0000000e+000
  0.0000000e+000
  0.0000000e+000
  0.0000000e+000
  0.0000000e+000
  0.0000000e+000
  0.0000000e+000
  0.0000000e+000
  0.0000000e+000
  0.0000000e+000
  0.0000000e+000
  0.0000000e+000
  0.0000000e+000
  0.0000000e+000
