  2.9121798e-001
  2.9933274e-001
  2.8166082e-001
  2.7744769e-001
  2.6998885e-001
  2.5921088e-001
  2.7371902e-001
  2.7100622e-001
  2.4466634e-001
  2.8290672e-001
  2.4425103e-001
  2.6808008e-001
  2.6083457e-001
  2.4677435e-001
  2.6533723e-001
  2.4279101e-001
  2.4501054e-001
  2.3856253e-001
  2.4212688e-001
  2.3302368e-001
  2.3938589e-001
  2.3319795e-001
  2.3749238e-001
  2.5369110e-001
  2.2010526e-001
  2.4969205e-001
  2.2106469e-001
  2.2697338e-001
  2.2204751e-001
  2.4434272e-001
  2.2424961e-001
  2.0289649e-001
  2.0693284e-001
  2.3459475e-001
  1.9572438e-001
  2.2380946e-001
  1.9161457e-001
  2.0296311e-001
  2.1718193e-001
  2.1525547e-001
  1.9768093e-001
  1.8620959e-001
  1.9958684e-001
  2.1597751e-001
  2.1283994e-001
  1.7849502e-001
  1.8044831e-001
  1.8840489e-001
  1.9910489e-001
  2.0716525e-001
  1.8061018e-001
  1.8190349e-001
  1.6909546e-001
  1.9320459e-001
  1.7282100e-001
  1.8597954e-001
  1.7893815e-001
  1.5006031e-001
  1.5379516e-001
  1.7370593e-001
  1.8246378e-001
  1.8298840e-001
  1.5447875e-001
  1.6370776e-001
  1.5654926e-001
  1.5918449e-001
  1.6360800e-001
  1.5325055e-001
  1.5949698e-001
  1.5644002e-001
  1.5683995e-001
  1.6764007e-001
  1.7844166e-001
  1.6341922e-001
  1.5835592e-001
  1.7416000e-001
  1.6005783e-001
  1.5240628e-001
  1.7019925e-001
  1.7650883e-001
  2.9069284e-001
  2.6337115e-001
  2.7824779e-001
  2.9240885e-001
  2.8602664e-001
  2.5427403e-001
  2.8988027e-001
  2.8063502e-001
  2.5829286e-001
  2.6118305e-001
  2.5866552e-001
  2.3751284e-001
  2.6369639e-001
  2.5972203e-001
  2.4291496e-001
  2.5589711e-001
  2.2554424e-001
  2.2594983e-001
  2.5209548e-001
  2.4092083e-001
  2.5249784e-001
  2.4799227e-001
  2.5517564e-001
  2.4117864e-001
  2.3121516e-001
  2.2818747e-001
  2.4602640e-001
  2.2055116e-001
  2.0307914e-001
  2.4733449e-001
  2.3039840e-001
  2.1836605e-001
  2.1470881e-001
  2.0031897e-001
  2.2723559e-001
  2.1636271e-001
  2.1766360e-001
  2.2830587e-001
  2.1051374e-001
  2.1685530e-001
  1.9419544e-001
  2.2386313e-001
  2.2271092e-001
  1.7576144e-001
  2.1088932e-001
  2.1640748e-001
  2.1287939e-001
  1.8270024e-001
  1.9621036e-001
  1.9246689e-001
  1.9760640e-001
  1.6115292e-001
  1.8023222e-001
  1.8664481e-001
  1.8132266e-001
  1.5333456e-001
  1.7344848e-001
  1.7384786e-001
  1.8326896e-001
  1.6680844e-001
  1.8026210e-001
  1.4671551e-001
  1.6686639e-001
  1.7688626e-001
  1.7492661e-001
  1.5080216e-001
  1.7598198e-001
  1.6423907e-001
  1.5583612e-001
  1.6159546e-001
  1.6090948e-001
  1.6553880e-001
  1.7434059e-001
  1.7024098e-001
  1.6049593e-001
  1.6562468e-001
  1.5700690e-001
  1.5943478e-001
  1.7448644e-001
  1.5926045e-001
  2.5757710e-001
  2.9283726e-001
  2.9855628e-001
  2.8860520e-001
  2.9100996e-001
  2.7980956e-001
  2.9239866e-001
  2.6756681e-001
  2.4445863e-001
  2.8152933e-001
  2.5998681e-001
  2.5276923e-001
  2.3898980e-001
  2.4509446e-001
  2.4792929e-001
  2.3516586e-001
  2.3617635e-001
  2.5485674e-001
  2.4145462e-001
  2.4133466e-001
  2.4483614e-001
  2.2042593e-001
  2.5914972e-001
  2.2745944e-001
  2.4811449e-001
  2.4446784e-001
  2.3723300e-001
  2.4638607e-001
  2.1055897e-001
  2.1617728e-001
  2.3064978e-001
  2.1533831e-001
  2.2975468e-001
  1.9908827e-001
  2.2247950e-001
  1.9140199e-001
  2.2681132e-001
  2.1025105e-001
  2.0015683e-001
  2.1388485e-001
  1.9853754e-001
  1.9660568e-001
  2.0471961e-001
  2.1004068e-001
  2.0530062e-001
  1.8778165e-001
  2.1089145e-001
  1.9001301e-001
  1.8612965e-001
  1.7743102e-001
  1.6582392e-001
  1.8003298e-001
  1.7255078e-001
  1.9640800e-001
  1.9163861e-001
  1.5797623e-001
  1.9019395e-001
  1.5329577e-001
  1.5345008e-001
  1.6590125e-001
  1.7895605e-001
  1.8132853e-001
  1.7316718e-001
  1.7941514e-001
  1.5994359e-001
  1.6446178e-001
  1.6378285e-001
  1.7142000e-001
  1.5256224e-001
  1.6597549e-001
  1.6530028e-001
  1.5628667e-001
  1.6271981e-001
  1.5746505e-001
  1.5777900e-001
  1.5036032e-001
  1.7119045e-001
  1.6454632e-001
  1.5886714e-001
  1.5063799e-001
  2.7167526e-001
  2.7932448e-001
  2.6079718e-001
  2.8953979e-001
  2.7436867e-001
  2.5209914e-001
  2.4760576e-001
  2.4741124e-001
  2.4189166e-001
  2.4069291e-001
  2.5489519e-001
  2.6805888e-001
  2.3866350e-001
  2.7051736e-001
  2.5614091e-001
  2.2849034e-001
  2.3393410e-001
  2.4045003e-001
  2.5352260e-001
  2.3673750e-001
  2.2728790e-001
  2.4064361e-001
  2.5300597e-001
  2.1293674e-001
  2.1165204e-001
  2.2647081e-001
  2.2118982e-001
  2.2485807e-001
  2.0343920e-001
  2.1253232e-001
  2.3851249e-001
  2.1932218e-001
  2.0358237e-001
  2.1500599e-001
  2.1758157e-001
  1.9121649e-001
  2.2407561e-001
  2.2152608e-001
  2.1145576e-001
  2.0924251e-001
  2.0976048e-001
  2.2433869e-001
  1.9416437e-001
  1.9769295e-001
  1.9002456e-001
  1.8105963e-001
  1.9743966e-001
  1.9543074e-001
  1.8670576e-001
  1.9783242e-001
  1.9384611e-001
  1.7276583e-001
  1.8632946e-001
  1.7109549e-001
  1.8710536e-001
  1.6103669e-001
  1.7552424e-001
  1.6478174e-001
  1.6217035e-001
  1.5376348e-001
  1.5790537e-001
  1.5642856e-001
  1.5595383e-001
  1.7849488e-001
  1.7873992e-001
  1.6779234e-001
  1.6069096e-001
  1.6954937e-001
  1.5394730e-001
  1.5673871e-001
  1.5947107e-001
  1.6389218e-001
  1.7316962e-001
  1.7145018e-001
  1.7410167e-001
  1.5259241e-001
  1.5819467e-001
  1.5959318e-001
  1.7502787e-001
  1.6884754e-001
  2.5587520e-001
  2.6307697e-001
  2.5669381e-001
  2.5787258e-001
  2.5013037e-001
  2.6522184e-001
  2.6325406e-001
  2.5793008e-001
  2.4120124e-001
  2.5873101e-001
  2.6311734e-001
  2.6481946e-001
  2.3744745e-001
  2.6232044e-001
  2.4082456e-001
  2.4767459e-001
  2.3352233e-001
  2.6810108e-001
  2.5188454e-001
  2.3852764e-001
  2.5242753e-001
  2.2093999e-001
  2.5676390e-001
  2.3622234e-001
  2.3376683e-001
  2.5499437e-001
  2.5393321e-001
  2.4003980e-001
  2.2682353e-001
  2.2877109e-001
  2.4177998e-001
  2.3310188e-001
  2.2037209e-001
  1.9838338e-001
  2.1161278e-001
  2.2873199e-001
  2.2519050e-001
  2.2305933e-001
  2.2509599e-001
  2.1551571e-001
  2.1973003e-001
  2.0931211e-001
  2.0678341e-001
  1.9126425e-001
  2.0614124e-001
  2.0341943e-001
  2.1126646e-001
  1.8827953e-001
  2.0284543e-001
  2.0629457e-001
  1.9392842e-001
  1.7286142e-001
  1.9285704e-001
  1.5840024e-001
  1.9912667e-001
  1.5687174e-001
  1.8995293e-001
  1.8434005e-001
  1.8020091e-001
  1.5829890e-001
  1.5715584e-001
  1.8466511e-001
  1.6204012e-001
  1.5733566e-001
  1.5845292e-001
  1.6746241e-001
  1.6015879e-001
  1.5051248e-001
  1.5462546e-001
  1.7902562e-001
  1.7269975e-001
  1.6057163e-001
  1.5318467e-001
  1.6884936e-001
  1.6511793e-001
  1.6539522e-001
  1.5628395e-001
  1.6427759e-001
  1.7582764e-001
  1.7524341e-001
  2.6481911e-001
  2.8944283e-001
  2.6001663e-001
  2.5920114e-001
  2.8013960e-001
  2.7306312e-001
  2.7803723e-001
  2.4296269e-001
  2.5117525e-001
  2.8133204e-001
  2.6930236e-001
  2.3760297e-001
  2.4670323e-001
  2.5258963e-001
  2.7360051e-001
  2.3671387e-001
  2.5795214e-001
  2.5203857e-001
  2.5299367e-001
  2.2490626e-001
  2.5112207e-001
  2.6195558e-001
  2.5373868e-001
  2.1277591e-001
  2.4058970e-001
  2.1124366e-001
  2.5435911e-001
  2.1911439e-001
  2.0326580e-001
  2.0420500e-001
  2.2132681e-001
  2.2765111e-001
  2.2667567e-001
  2.1712826e-001
  2.0789541e-001
  2.3076106e-001
  2.3049026e-001
  1.9396042e-001
  2.2794014e-001
  1.8635867e-001
  2.1301314e-001
  1.8483759e-001
  1.9830884e-001
  1.8518969e-001
  2.0348287e-001
  2.0086041e-001
  1.8722837e-001
  1.6778658e-001
  2.0378137e-001
  2.0556081e-001
  1.8846638e-001
  1.6133442e-001
  1.8525491e-001
  1.7073061e-001
  2.0233678e-001
  1.7319284e-001
  1.6976317e-001
  1.7640514e-001
  1.5691503e-001
  1.7881635e-001
  1.5123556e-001
  1.4766328e-001
  1.5521452e-001
  1.7285489e-001
  1.5181266e-001
  1.5469898e-001
  1.7065580e-001
  1.7507410e-001
  1.7235431e-001
  1.7431274e-001
  1.7062583e-001
  1.7656397e-001
  1.5773333e-001
  1.6379125e-001
  1.7672307e-001
  1.6005362e-001
  1.5475219e-001
  1.6626635e-001
  1.7041335e-001
  1.5184604e-001
  2.8010147e-001
  2.6693874e-001
  2.6585532e-001
  2.8925054e-001
  2.5362769e-001
  2.9073421e-001
  2.6605442e-001
  2.8119974e-001
  2.4952251e-001
  2.6466247e-001
  2.4311653e-001
  2.7049576e-001
  2.5153206e-001
  2.4698082e-001
  2.5030224e-001
  2.5378923e-001
  2.4442941e-001
  2.5276740e-001
  2.5824733e-001
  2.3509683e-001
  2.3978265e-001
  2.4828432e-001
  2.3230125e-001
  2.1814815e-001
  2.3747722e-001
  2.5063895e-001
  2.3102679e-001
  2.2862253e-001
  2.3556816e-001
  2.2542515e-001
  2.3719618e-001
  2.0237703e-001
  2.2699854e-001
  2.3302695e-001
  2.1130253e-001
  1.9869895e-001
  2.2138141e-001
  2.1877817e-001
  1.9434009e-001
  2.0697035e-001
  2.2037258e-001
  1.8062566e-001
  2.1023338e-001
  2.0322041e-001
  1.7790636e-001
  1.8530568e-001
  2.0282466e-001
  1.7428262e-001
  1.9274484e-001
  1.8153771e-001
  1.9631336e-001
  1.8736510e-001
  1.6462709e-001
  2.0082887e-001
  1.8833894e-001
  1.6003736e-001
  1.8245134e-001
  1.5758582e-001
  1.8961540e-001
  1.5567167e-001
  1.7175462e-001
  1.6903468e-001
  1.6604333e-001
  1.5945203e-001
  1.5741128e-001
  1.5893484e-001
  1.6767587e-001
  1.6643580e-001
  1.5100168e-001
  1.7612680e-001
  1.7283283e-001
  1.7933131e-001
  1.6597710e-001
  1.6820641e-001
  1.7136772e-001
  1.6840612e-001
  1.6948049e-001
  1.5055014e-001
  1.6076854e-001
  1.6994810e-001
  2.7234814e-001
  2.9212788e-001
  2.9777022e-001
  2.9164690e-001
  2.5107753e-001
  2.8171263e-001
  2.7459206e-001
  2.6986582e-001
  2.5809475e-001
  2.4396861e-001
  2.6935312e-001
  2.6959870e-001
  2.6186936e-001
  2.3351419e-001
  2.3287163e-001
  2.4971927e-001
  2.6247471e-001
  2.2694307e-001
  2.4848570e-001
  2.3401685e-001
  2.4806242e-001
  2.2621859e-001
  2.3688780e-001
  2.1627960e-001
  2.4253743e-001
  2.2666934e-001
  2.2966058e-001
  2.0384947e-001
  2.2189959e-001
  2.2006277e-001
  2.1765651e-001
  2.1876194e-001
  2.2720305e-001
  2.0429403e-001
  2.3486666e-001
  1.9690773e-001
  2.0463727e-001
  2.0315841e-001
  2.1988473e-001
  1.9680222e-001
  2.0388699e-001
  1.9205185e-001
  2.1956385e-001
  1.9748968e-001
  1.9423821e-001
  2.0189748e-001
  1.7715556e-001
  1.8725030e-001
  1.9757247e-001
  1.7319522e-001
  1.9253231e-001
  1.9153469e-001
  1.9673574e-001
  2.0188008e-001
  1.6737396e-001
  1.7984318e-001
  1.5005340e-001
  1.7775320e-001
  1.5974127e-001
  1.4586955e-001
  1.8503560e-001
  1.5107619e-001
  1.8745720e-001
  1.5351033e-001
  1.6344623e-001
  1.5256272e-001
  1.5533585e-001
  1.5226519e-001
  1.7935999e-001
  1.6276481e-001
  1.6522594e-001
  1.7958300e-001
  1.6650659e-001
  1.6705947e-001
  1.5290801e-001
  1.6575671e-001
  1.6849096e-001
  1.6306989e-001
  1.5240113e-001
  1.7690679e-001
  2.7531570e-001
  2.9347659e-001
  2.8700536e-001
  2.7407270e-001
  2.6502436e-001
  2.7174441e-001
  2.5148740e-001
  2.6490178e-001
  2.5144646e-001
  2.7491122e-001
  2.4721666e-001
  2.6692390e-001
  2.4430577e-001
  2.7732393e-001
  2.4522119e-001
  2.5068690e-001
  2.3343715e-001
  2.3816468e-001
  2.6377660e-001
  2.2739105e-001
  2.4985185e-001
  2.4835805e-001
  2.4514802e-001
  2.3353393e-001
  2.1627391e-001
  2.2184690e-001
  2.1156230e-001
  2.0294553e-001
  2.0583088e-001
  2.3724025e-001
  2.3774307e-001
  2.0060224e-001
  2.1201557e-001
  2.2601584e-001
  2.2544495e-001
  2.0796877e-001
  2.1846625e-001
  1.9302598e-001
  2.0208831e-001
  2.1639773e-001
  1.9262458e-001
  1.9524810e-001
  1.9167671e-001
  2.1088494e-001
  1.8940704e-001
  2.0712686e-001
  2.0188746e-001
  1.9813980e-001
  2.0155291e-001
  2.0158204e-001
  1.9763160e-001
  1.6056519e-001
  1.8735375e-001
  1.8363443e-001
  1.7858232e-001
  1.5464693e-001
  1.6702019e-001
  1.8091656e-001
  1.8434685e-001
  1.7917825e-001
  1.7378643e-001
  1.4828018e-001
  1.5476692e-001
  1.6098668e-001
  1.5796987e-001
  1.7627119e-001
  1.7829558e-001
  1.5861461e-001
  1.6671710e-001
  1.5407175e-001
  1.7255793e-001
  1.7155074e-001
  1.5227409e-001
  1.7577297e-001
  1.6394441e-001
  1.7050898e-001
  1.6741498e-001
  1.6164186e-001
  1.5862376e-001
  1.7978230e-001
  2.9534148e-001
  2.9670144e-001
  2.5610544e-001
  2.4938834e-001
  2.7956617e-001
  2.7985692e-001
  2.6182167e-001
  2.6891362e-001
  2.7483161e-001
  2.8485552e-001
  2.7581416e-001
  2.4455002e-001
  2.5354339e-001
  2.6277426e-001
  2.4788508e-001
  2.4830177e-001
  2.5205758e-001
  2.5818396e-001
  2.6447115e-001
  2.6020010e-001
  2.5155788e-001
  2.4205474e-001
  2.4891122e-001
  2.2253900e-001
  2.4083266e-001
  2.1427526e-001
  2.3212768e-001
  2.3819700e-001
  2.1238767e-001
  2.2993913e-001
  2.2331514e-001
  2.1654428e-001
  1.9721527e-001
  2.0693053e-001
  2.2186411e-001
  2.0148833e-001
  2.1152947e-001
  1.9796895e-001
  2.1584005e-001
  1.8652398e-001
  1.9793333e-001
  2.1528059e-001
  2.0938809e-001
  1.8905508e-001
  1.9408141e-001
  1.9970461e-001
  1.8303087e-001
  1.8166252e-001
  1.8351204e-001
  1.9814358e-001
  1.9189666e-001
  1.6393831e-001
  1.6838546e-001
  1.8057318e-001
  1.9065400e-001
  1.9131048e-001
  1.8011933e-001
  1.5192172e-001
  1.6325086e-001
  1.4722325e-001
  1.4884757e-001
  1.7506206e-001
  1.4638231e-001
  1.7959378e-001
  1.7645578e-001
  1.6060696e-001
  1.6325064e-001
  1.7459651e-001
  1.7008784e-001
  1.5565104e-001
  1.6356915e-001
  1.7120315e-001
  1.6508254e-001
  1.7539613e-001
  1.7751093e-001
  1.7144669e-001
  1.6738947e-001
  1.6323556e-001
  1.5815352e-001
  1.6575928e-001
  2.7790686e-001
  2.5903543e-001
  2.7895549e-001
  2.5298808e-001
  2.9154248e-001
  2.7189091e-001
  2.4908364e-001
  2.8231229e-001
  2.4797951e-001
  2.6492780e-001
  2.6256863e-001
  2.4514271e-001
  2.6733224e-001
  2.3940493e-001
  2.4219299e-001
  2.3035343e-001
  2.2998149e-001
  2.2577268e-001
  2.4759134e-001
  2.4169814e-001
  2.4597715e-001
  2.5982664e-001
  2.4791892e-001
  2.1172542e-001
  2.4200515e-001
  2.1024814e-001
  2.1413689e-001
  2.2168673e-001
  2.2305556e-001
  2.2102577e-001
  2.0320193e-001
  2.3456566e-001
  2.0507029e-001
  2.2037581e-001
  2.1447753e-001
  2.1659393e-001
  2.0216172e-001
  2.0790265e-001
  2.2563388e-001
  1.9417644e-001
  2.0953694e-001
  2.0249591e-001
  2.2129594e-001
  2.1282010e-001
  2.1747896e-001
  2.1510758e-001
  2.1021626e-001
  1.8194697e-001
  1.7438914e-001
  1.9789690e-001
  1.6952498e-001
  1.5782564e-001
  1.9662626e-001
  1.8315060e-001
  1.5760363e-001
  1.5253780e-001
  1.5205072e-001
  1.7233021e-001
  1.7866493e-001
  1.5628200e-001
  1.6710265e-001
  1.6036037e-001
  1.5947478e-001
  1.7991434e-001
  1.6210025e-001
  1.7946961e-001
  1.6279994e-001
  1.7990622e-001
  1.5454430e-001
  1.7041127e-001
  1.7286413e-001
  1.7607998e-001
  1.5194310e-001
  1.6937163e-001
  1.5250507e-001
  1.6982654e-001
  1.6849365e-001
  1.6706426e-001
  1.6650152e-001
  1.7367151e-001
  2.7854684e-001
  2.7052554e-001
  2.8575581e-001
  2.6426546e-001
  2.5476193e-001
  2.7451413e-001
  2.8284789e-001
  2.8254374e-001
  2.6184853e-001
  2.5155992e-001
  2.7805541e-001
  2.5886673e-001
  2.3745568e-001
  2.5771380e-001
  2.5619033e-001
  2.3495931e-001
  2.3476368e-001
  2.4671747e-001
  2.4312268e-001
  2.4571051e-001
  2.5209930e-001
  2.3726255e-001
  2.5075241e-001
  2.1292417e-001
  2.3464136e-001
  2.1460156e-001
  2.1970413e-001
  2.3579236e-001
  2.4145153e-001
  2.1863913e-001
  2.3715160e-001
  2.2526939e-001
  1.9605074e-001
  2.2787982e-001
  2.3002259e-001
  2.1260959e-001
  1.9793049e-001
  2.1983394e-001
  2.0454442e-001
  1.9396778e-001
  1.8383635e-001
  1.8287754e-001
  2.0727708e-001
  1.8641693e-001
  1.9472986e-001
  2.0299550e-001
  2.0257254e-001
  2.0908824e-001
  2.0465222e-001
  1.8952371e-001
  1.7649471e-001
  1.6414457e-001
  1.5956593e-001
  1.7596563e-001
  1.6019426e-001
  1.6964477e-001
  1.8482579e-001
  1.8880512e-001
  1.8463579e-001
  1.7379209e-001
  1.5472256e-001
  1.6083141e-001
  1.8716587e-001
  1.7193220e-001
  1.7624214e-001
  1.6668367e-001
  1.5228075e-001
  1.6724231e-001
  1.7756049e-001
  1.6580149e-001
  1.5232467e-001
  1.7008366e-001
  1.7014840e-001
  1.7862465e-001
  1.7412948e-001
  1.7747706e-001
  1.7973278e-001
  1.7731398e-001
  1.5132451e-001
  1.6159111e-001
  2.9774211e-001
  2.9509081e-001
  2.9356766e-001
  2.5058976e-001
  2.5829063e-001
  2.6688387e-001
  2.7635225e-001
  2.5391206e-001
  2.5048061e-001
  2.7804789e-001
  2.6508189e-001
  2.5591938e-001
  2.7370347e-001
  2.4037566e-001
  2.7535280e-001
  2.6626733e-001
  2.2724257e-001
  2.2535863e-001
  2.4997979e-001
  2.2614881e-001
  2.1796201e-001
  2.4981424e-001
  2.1976251e-001
  2.5262024e-001
  2.3838043e-001
  2.4707876e-001
  2.1367839e-001
  2.1809958e-001
  2.3958702e-001
  2.2044710e-001
  2.3484728e-001
  2.0871964e-001
  2.1272536e-001
  2.2903551e-001
  2.2608704e-001
  2.2159735e-001
  2.0043861e-001
  1.9057751e-001
  1.9633567e-001
  2.0905195e-001
  2.1251259e-001
  1.9714356e-001
  1.8666761e-001
  2.0076765e-001
  2.1227545e-001
  2.1708928e-001
  1.8143903e-001
  1.6992448e-001
  1.7109284e-001
  1.7235002e-001
  1.9144166e-001
  1.6539747e-001
  1.6960878e-001
  1.8141767e-001
  1.9777022e-001
  1.8546174e-001
  1.7314979e-001
  1.8250009e-001
  1.7375915e-001
  1.8056127e-001
  1.7281011e-001
  1.7419576e-001
  1.6020265e-001
  1.7378981e-001
  1.5908785e-001
  1.6976082e-001
  1.6571516e-001
  1.5589494e-001
  1.5083600e-001
  1.7762032e-001
  1.7486581e-001
  1.5723224e-001
  1.7332709e-001
  1.6757555e-001
  1.5544077e-001
  1.5668528e-001
  1.5037935e-001
  1.5137058e-001
  1.7832429e-001
  1.5459659e-001
  2.9530658e-001
  2.5721901e-001
  2.7495466e-001
  2.5270470e-001
  2.5733282e-001
  2.8161498e-001
  2.9224796e-001
  2.4029632e-001
  2.7326618e-001
  2.8028028e-001
  2.8141217e-001
  2.5175056e-001
  2.3558617e-001
  2.6814698e-001
  2.6599183e-001
  2.4761076e-001
  2.3817055e-001
  2.6119800e-001
  2.3146783e-001
  2.4662810e-001
  2.5833038e-001
  2.2096827e-001
  2.1932304e-001
  2.3031169e-001
  2.3250678e-001
  2.4011405e-001
  2.4855164e-001
  2.0705184e-001
  2.0483848e-001
  2.1832864e-001
  2.1464974e-001
  2.1102749e-001
  2.0162693e-001
  2.1408135e-001
  2.0804325e-001
  2.3101185e-001
  2.1529871e-001
  2.3056444e-001
  2.3023690e-001
  2.0134777e-001
  1.8343451e-001
  2.0794675e-001
  1.8931926e-001
  1.8047205e-001
  1.7818298e-001
  2.0622779e-001
  1.9878503e-001
  1.7869854e-001
  1.7558185e-001
  1.7787167e-001
  1.7002183e-001
  1.9306260e-001
  1.8738974e-001
  1.7495438e-001
  1.9360348e-001
  1.5841489e-001
  1.6706310e-001
  1.6856534e-001
  1.7591234e-001
  1.8176908e-001
  1.5478041e-001
  1.6968544e-001
  1.8525005e-001
  1.6941184e-001
  1.5807890e-001
  1.7003606e-001
  1.6288914e-001
  1.5497301e-001
  1.7244151e-001
  1.6391815e-001
  1.7674901e-001
  1.7024538e-001
  1.7719614e-001
  1.5468653e-001
  1.5198813e-001
  1.5037090e-001
  1.7244066e-001
  1.5249726e-001
  1.7752269e-001
  1.7569723e-001
  2.6417837e-001
  2.9209178e-001
  2.9013240e-001
  2.4879453e-001
  2.7677105e-001
  2.5805214e-001
  2.9161347e-001
  2.4140799e-001
  2.4677834e-001
  2.6822885e-001
  2.5008302e-001
  2.3657891e-001
  2.4181587e-001
  2.6329557e-001
  2.4903686e-001
  2.5605172e-001
  2.6498858e-001
  2.6071997e-001
  2.6015289e-001
  2.4190695e-001
  2.4360098e-001
  2.3456116e-001
  2.3588329e-001
  2.3265664e-001
  2.5173009e-001
  2.1923757e-001
  2.5070706e-001
  2.2100562e-001
  2.0383688e-001
  2.0474707e-001
  2.0304214e-001
  2.0149676e-001
  2.0426762e-001
  2.0805880e-001
  2.3559578e-001
  2.2033376e-001
  1.9881816e-001
  1.8763214e-001
  2.2305554e-001
  1.8496996e-001
  1.8911312e-001
  1.8436519e-001
  1.8052663e-001
  1.9654540e-001
  2.0478528e-001
  1.7382002e-001
  2.1322554e-001
  1.6807561e-001
  1.8821389e-001
  1.7745482e-001
  1.7538271e-001
  2.0210714e-001
  1.8430356e-001
  1.9927583e-001
  1.7488688e-001
  1.6305764e-001
  1.7627137e-001
  1.8187067e-001
  1.5735374e-001
  1.6793869e-001
  1.8612897e-001
  1.6087949e-001
  1.8617714e-001
  1.7203571e-001
  1.6522574e-001
  1.6454338e-001
  1.5194031e-001
  1.7171824e-001
  1.7729456e-001
  1.6425852e-001
  1.5174215e-001
  1.7194225e-001
  1.6760422e-001
  1.6779520e-001
  1.6130852e-001
  1.5063574e-001
  1.7435148e-001
  1.7945924e-001
  1.7345745e-001
  1.5618563e-001
  2.6921261e-001
  2.9903221e-001
  2.6766853e-001
  2.8255356e-001
  2.5414210e-001
  2.5130428e-001
  2.9130538e-001
  2.7069070e-001
  2.7445809e-001
  2.7434813e-001
  2.6851584e-001
  2.7670711e-001
  2.7326603e-001
  2.7182533e-001
  2.4218845e-001
  2.3986563e-001
  2.2643380e-001
  2.4422339e-001
  2.3548599e-001
  2.2772740e-001
  2.3613945e-001
  2.5281822e-001
  2.2852587e-001
  2.1044182e-001
  2.4238584e-001
  2.2070351e-001
  2.3708587e-001
  2.4253637e-001
  2.1147539e-001
  2.4203528e-001
  2.0273307e-001
  1.9556507e-001
  2.2613562e-001
  2.2842923e-001
  2.2831442e-001
  2.1918350e-001
  2.2835926e-001
  2.1907970e-001
  2.1148340e-001
  2.0266214e-001
  2.1611272e-001
  1.9563809e-001
  1.9751272e-001
  1.8162005e-001
  2.1672205e-001
  2.1531181e-001
  1.8469064e-001
  1.8075003e-001
  2.0049086e-001
  1.8264918e-001
  1.6632092e-001
  1.6384295e-001
  2.0005920e-001
  1.8846087e-001
  1.8101152e-001
  1.7286247e-001
  1.9246447e-001
  1.8036553e-001
  1.5509568e-001
  1.6812560e-001
  1.8560608e-001
  1.4838846e-001
  1.7903137e-001
  1.5202323e-001
  1.7375173e-001
  1.7370605e-001
  1.6574221e-001
  1.6529982e-001
  1.7032209e-001
  1.7613609e-001
  1.5906347e-001
  1.7369157e-001
  1.6580377e-001
  1.5229307e-001
  1.6286161e-001
  1.5579070e-001
  1.7695370e-001
  1.6586260e-001
  1.7180311e-001
  1.5982738e-001
  2.9151426e-001
  2.9329431e-001
  2.8002838e-001
  2.5161641e-001
  2.6143454e-001
  2.6745273e-001
  2.5782341e-001
  2.7251955e-001
  2.6340010e-001
  2.5869608e-001
  2.4351865e-001
  2.7122973e-001
  2.6028246e-001
  2.6962750e-001
  2.4263905e-001
  2.3026394e-001
  2.5277106e-001
  2.6857350e-001
  2.5047581e-001
  2.1799423e-001
  2.2145464e-001
  2.5410492e-001
  2.4297203e-001
  2.1387970e-001
  2.2313516e-001
  2.4002137e-001
  2.1958787e-001
  2.3843407e-001
  2.0651785e-001
  2.2658323e-001
  2.0504242e-001
  1.9888893e-001
  2.2379511e-001
  2.3093519e-001
  2.2607524e-001
  2.1097903e-001
  2.1703551e-001
  2.0183095e-001
  2.3032477e-001
  2.0613170e-001
  1.9774765e-001
  1.9977562e-001
  2.1207040e-001
  1.9137419e-001
  1.9445482e-001
  1.8729797e-001
  2.0900752e-001
  1.7007052e-001
  1.7895577e-001
  2.0647293e-001
  1.7328320e-001
  1.7066632e-001
  1.9583922e-001
  1.6956610e-001
  2.0113965e-001
  1.9435217e-001
  1.9258721e-001
  1.7617774e-001
  1.8670041e-001
  1.7647689e-001
  1.4806441e-001
  1.4658035e-001
  1.8276702e-001
  1.7183604e-001
  1.5484176e-001
  1.5276936e-001
  1.5080663e-001
  1.7028639e-001
  1.5986496e-001
  1.6996344e-001
  1.7672068e-001
  1.5111195e-001
  1.6509958e-001
  1.7348480e-001
  1.5385197e-001
  1.7253098e-001
  1.5582796e-001
  1.7750676e-001
  1.5035174e-001
  1.5983071e-001
  2.6108114e-001
  2.9400714e-001
  2.7797345e-001
  2.4847837e-001
  2.5635214e-001
  2.8970243e-001
  2.6518910e-001
  2.6119280e-001
  2.8237147e-001
  2.8298084e-001
  2.4770538e-001
  2.7190886e-001
  2.6355617e-001
  2.3721118e-001
  2.5144213e-001
  2.2776763e-001
  2.2599360e-001
  2.6145221e-001
  2.2713034e-001
  2.6060768e-001
  2.5331884e-001
  2.2479053e-001
  2.5811611e-001
  2.2584000e-001
  2.3313519e-001
  2.2851123e-001
  2.2634484e-001
  2.2756739e-001
  2.1292987e-001
  2.1964815e-001
  2.0927522e-001
  2.2865472e-001
  2.1494912e-001
  2.2647293e-001
  2.3963660e-001
  2.2084259e-001
  2.0991241e-001
  2.1782348e-001
  1.8811715e-001
  1.8647325e-001
  2.0387409e-001
  2.2307305e-001
  2.1716398e-001
  2.1092118e-001
  2.0261700e-001
  1.9488017e-001
  2.1333904e-001
  2.0176823e-001
  1.7381710e-001
  2.0465038e-001
  2.0993916e-001
  2.0104171e-001
  1.7053482e-001
  1.6010002e-001
  1.6825109e-001
  1.8173076e-001
  1.7942084e-001
  1.7855398e-001
  1.5009208e-001
  1.4952563e-001
  1.6229195e-001
  1.5709096e-001
  1.5430895e-001
  1.6646770e-001
  1.5743932e-001
  1.7446228e-001
  1.5792831e-001
  1.7849565e-001
  1.5462736e-001
  1.5060052e-001
  1.7859062e-001
  1.6751979e-001
  1.5598759e-001
  1.6573909e-001
  1.5365878e-001
  1.7393431e-001
  1.5490655e-001
  1.7724255e-001
  1.6475863e-001
  1.6959486e-001
  2.6354526e-001
  2.6577786e-001
  2.8886803e-001
  2.7615752e-001
  2.8142103e-001
  2.7104841e-001
  2.5629586e-001
  2.7972866e-001
  2.4299530e-001
  2.5901843e-001
  2.7984058e-001
  2.7701681e-001
  2.5768163e-001
  2.5269598e-001
  2.7499111e-001
  2.2702523e-001
  2.3724889e-001
  2.5729655e-001
  2.4653049e-001
  2.2141532e-001
  2.3770944e-001
  2.4696342e-001
  2.2290115e-001
  2.3111364e-001
  2.5338542e-001
  2.1421066e-001
  2.5388779e-001
  2.4498418e-001
  2.1412045e-001
  2.2160476e-001
  2.3120887e-001
  2.0132297e-001
  2.2658576e-001
  2.1174729e-001
  2.2134150e-001
  2.1022093e-001
  2.1834187e-001
  1.8844614e-001
  2.3075695e-001
  2.1111029e-001
  2.0441759e-001
  2.1457650e-001
  2.1053175e-001
  1.7287876e-001
  2.0777433e-001
  1.8823699e-001
  1.7897365e-001
  1.9754785e-001
  1.7096269e-001
  1.7942941e-001
  1.9854821e-001
  1.9761812e-001
  1.9240563e-001
  1.9668304e-001
  1.9656804e-001
  1.7883388e-001
  1.5757693e-001
  1.6644435e-001
  1.6183946e-001
  1.4339453e-001
  1.7967074e-001
  1.5283241e-001
  1.6230735e-001
  1.7729298e-001
  1.6244920e-001
  1.5078312e-001
  1.7755835e-001
  1.5531209e-001
  1.6883783e-001
  1.5970031e-001
  1.7393420e-001
  1.5877362e-001
  1.7690603e-001
  1.7108615e-001
  1.5726109e-001
  1.5252402e-001
  1.6866580e-001
  1.5605268e-001
  1.7147106e-001
  1.5251109e-001
  2.9816708e-001
  2.8520541e-001
  2.8158736e-001
  2.8203360e-001
  2.6228592e-001
  2.9040278e-001
  2.8285944e-001
  2.4422735e-001
  2.6526161e-001
  2.7175788e-001
  2.8480452e-001
  2.4941930e-001
  2.6939865e-001
  2.3952167e-001
  2.4506880e-001
  2.6794555e-001
  2.6665428e-001
  2.6600427e-001
  2.6360623e-001
  2.5388144e-001
  2.2533629e-001
  2.2689031e-001
  2.6052188e-001
  2.5404785e-001
  2.4686144e-001
  2.3239999e-001
  2.5291137e-001
  2.3888150e-001
  2.1874048e-001
  2.3881342e-001
  2.0313265e-001
  2.1768228e-001
  2.1124361e-001
  2.3180434e-001
  2.2394934e-001
  1.8936868e-001
  2.0139681e-001
  1.8981225e-001
  2.3165846e-001
  1.8848345e-001
  2.0496443e-001
  1.8096858e-001
  1.8013080e-001
  2.0881645e-001
  1.8582736e-001
  1.7703208e-001
  2.0387338e-001
  1.6752851e-001
  1.9698656e-001
  1.8788996e-001
  1.9590083e-001
  1.7449605e-001
  1.7927927e-001
  1.6366906e-001
  1.5823130e-001
  1.6488283e-001
  1.5335046e-001
  1.9034419e-001
  1.5912490e-001
  1.8273487e-001
  1.8009478e-001
  1.5146740e-001
  1.8540367e-001
  1.6699820e-001
  1.7562553e-001
  1.6132728e-001
  1.5667600e-001
  1.7629825e-001
  1.7870313e-001
  1.6917859e-001
  1.6065067e-001
  1.6496118e-001
  1.7648820e-001
  1.7386068e-001
  1.7571573e-001
  1.7046922e-001
  1.5925077e-001
  1.6944027e-001
  1.5720386e-001
  1.6587474e-001
  2.8010206e-001
  2.5528451e-001
  2.7812791e-001
  2.6185086e-001
  2.6262024e-001
  2.5700708e-001
  2.7673129e-001
  2.7116698e-001
  2.6187496e-001
  2.5459668e-001
  2.6227608e-001
  2.6850177e-001
  2.4645020e-001
  2.3807583e-001
  2.5913979e-001
  2.3959943e-001
  2.5573507e-001
  2.5349156e-001
  2.5570074e-001
  2.1780034e-001
  2.3729444e-001
  2.1845009e-001
  2.4665222e-001
  2.1533423e-001
  2.5297369e-001
  2.3499220e-001
  2.2476529e-001
  2.2545525e-001
  2.2137130e-001
  2.3099706e-001
  2.2321825e-001
  2.2788797e-001
  2.3755088e-001
  2.3827507e-001
  2.0306414e-001
  2.0541006e-001
  1.9283899e-001
  2.0445060e-001
  1.9052205e-001
  2.1870666e-001
  2.1551195e-001
  1.8417451e-001
  2.1680965e-001
  1.8581336e-001
  2.0110664e-001
  1.8656001e-001
  1.9143858e-001
  1.9165279e-001
  2.0914364e-001
  1.6751005e-001
  1.7366663e-001
  1.7595142e-001
  1.6992099e-001
  1.8772741e-001
  1.6902845e-001
  1.9146574e-001
  1.6571352e-001
  1.8208634e-001
  1.7491801e-001
  1.6426619e-001
  1.5517503e-001
  1.8716526e-001
  1.7192068e-001
  1.6105525e-001
  1.5227673e-001
  1.7110158e-001
  1.7395669e-001
  1.6218072e-001
  1.7597984e-001
  1.5311046e-001
  1.7912394e-001
  1.5283423e-001
  1.7601817e-001
  1.6122315e-001
  1.7814053e-001
  1.5305898e-001
  1.5386502e-001
  1.7506136e-001
  1.7878940e-001
  1.6963980e-001
  2.7985868e-001
  2.6999425e-001
  2.5885248e-001
  2.9064258e-001
  2.5670405e-001
  2.6593787e-001
  2.8042464e-001
  2.5500966e-001
  2.6980495e-001
  2.6924232e-001
  2.6878089e-001
  2.3785491e-001
  2.7034469e-001
  2.3529014e-001
  2.5621927e-001
  2.6915363e-001
  2.3480638e-001
  2.2688265e-001
  2.6954617e-001
  2.5263630e-001
  2.3277657e-001
  2.5549290e-001
  2.3531101e-001
  2.4370434e-001
  2.4100780e-001
  2.2146593e-001
  2.3005779e-001
  2.4265856e-001
  2.2380361e-001
  2.3617491e-001
  2.2558953e-001
  2.3646439e-001
  2.0126844e-001
  2.2869031e-001
  2.1010502e-001
  1.9591384e-001
  2.1914393e-001
  2.2489213e-001
  2.3016415e-001
  2.1996745e-001
  1.9741919e-001
  2.1018581e-001
  1.8894756e-001
  1.9128230e-001
  2.1112955e-001
  1.7879098e-001
  1.8717196e-001
  1.9595149e-001
  1.6956068e-001
  1.7354699e-001
  1.9281301e-001
  1.7126688e-001
  2.0145998e-001
  1.9027900e-001
  1.8412613e-001
  1.7933548e-001
  1.6970804e-001
  1.6678448e-001
  1.5705474e-001
  1.4979982e-001
  1.5199086e-001
  1.5113968e-001
  1.8366962e-001
  1.6228289e-001
  1.6826063e-001
  1.5699264e-001
  1.7382760e-001
  1.7119585e-001
  1.6747461e-001
  1.7618252e-001
  1.7624708e-001
  1.5337799e-001
  1.7863937e-001
  1.5749084e-001
  1.7502908e-001
  1.7664854e-001
  1.6601182e-001
  1.6876565e-001
  1.6515550e-001
  1.7053562e-001
  2.6553399e-001
  2.9213782e-001
  2.5819427e-001
  2.7826999e-001
  2.8896623e-001
  2.7728820e-001
  2.5504620e-001
  2.4163178e-001
  2.5712296e-001
  2.5035830e-001
  2.7761541e-001
  2.7067326e-001
  2.7144843e-001
  2.6517204e-001
  2.4875186e-001
  2.5114439e-001
  2.4455740e-001
  2.5918551e-001
  2.5689415e-001
  2.5795330e-001
  2.1772242e-001
  2.2380296e-001
  2.4434094e-001
  2.2295422e-001
  2.1662448e-001
  2.1988959e-001
  2.2549132e-001
  2.0943226e-001
  2.1620723e-001
  2.2781364e-001
  2.1199608e-001
  2.2775534e-001
  2.3291759e-001
  2.2782816e-001
  2.1732952e-001
  2.2278158e-001
  2.2796556e-001
  2.1660920e-001
  1.9948428e-001
  2.0536275e-001
  2.1658411e-001
  1.8699763e-001
  2.1709785e-001
  1.9319530e-001
  1.7481343e-001
  1.8550765e-001
  1.9143918e-001
  1.8378458e-001
  1.8990945e-001
  2.0484155e-001
  1.8042291e-001
  1.6712254e-001
  1.6992857e-001
  1.9944111e-001
  1.9419152e-001
  1.7000973e-001
  1.8832181e-001
  1.8425063e-001
  1.6590874e-001
  1.6470571e-001
  1.6093317e-001
  1.6762018e-001
  1.7223567e-001
  1.5192558e-001
  1.7097105e-001
  1.5436635e-001
  1.6433916e-001
  1.7881677e-001
  1.6167908e-001
  1.7335708e-001
  1.7309898e-001
  1.6369969e-001
  1.5938498e-001
  1.5964724e-001
  1.5772002e-001
  1.5831829e-001
  1.5961537e-001
  1.6940297e-001
  1.5829690e-001
  1.7393657e-001
  2.9291275e-001
  2.8105491e-001
  2.6632181e-001
  2.7249096e-001
  2.9177565e-001
  2.9236660e-001
  2.5919727e-001
  2.7830449e-001
  2.6029222e-001
  2.6077175e-001
  2.4403530e-001
  2.5809514e-001
  2.4757579e-001
  2.3640702e-001
  2.6502422e-001
  2.5656801e-001
  2.4608956e-001
  2.2808675e-001
  2.4383676e-001
  2.4471840e-001
  2.5045998e-001
  2.1914937e-001
  2.6182617e-001
  2.2254801e-001
  2.3012873e-001
  2.3384108e-001
  2.3652459e-001
  2.2393070e-001
  2.2012417e-001
  2.1955076e-001
  2.0983832e-001
  2.2565337e-001
  2.0185379e-001
  2.2416740e-001
  2.2814426e-001
  2.1992711e-001
  2.0919523e-001
  2.1981311e-001
  1.9578922e-001
  1.8549432e-001
  1.9477928e-001
  2.1704466e-001
  2.0042640e-001
  1.9182760e-001
  2.0106433e-001
  2.0288153e-001
  1.9435582e-001
  1.9358013e-001
  1.8793979e-001
  1.7670672e-001
  1.9021702e-001
  1.7818177e-001
  1.6719490e-001
  1.7501209e-001
  1.6213075e-001
  1.5181362e-001
  1.7006876e-001
  1.5463843e-001
  1.5866138e-001
  1.4674135e-001
  1.5605315e-001
  1.5798489e-001
  1.4652878e-001
  1.6755244e-001
  1.6540900e-001
  1.7375112e-001
  1.5639477e-001
  1.6145277e-001
  1.6373311e-001
  1.5998550e-001
  1.7789438e-001
  1.7484632e-001
  1.7171865e-001
  1.5757960e-001
  1.7653453e-001
  1.6225910e-001
  1.6390332e-001
  1.5974250e-001
  1.5921229e-001
  1.6317017e-001
  2.7358907e-001
  2.8075244e-001
  2.6984223e-001
  2.9098444e-001
  2.7732183e-001
  2.6191304e-001
  2.7155650e-001
  2.4498639e-001
  2.7891165e-001
  2.6176239e-001
  2.5552307e-001
  2.6444728e-001
  2.5862430e-001
  2.5387058e-001
  2.4254007e-001
  2.3744673e-001
  2.4919862e-001
  2.2614474e-001
  2.4177222e-001
  2.4566754e-001
  2.2133925e-001
  2.3892377e-001
  2.4410833e-001
  2.1669133e-001
  2.2817138e-001
  2.3663178e-001
  2.2766612e-001
  2.0756680e-001
  2.3951600e-001
  2.1568532e-001
  2.1389109e-001
  2.0361753e-001
  1.9920617e-001
  2.0358561e-001
  1.9718923e-001
  2.0763789e-001
  2.1028639e-001
  2.3213892e-001
  2.0632450e-001
  2.1506163e-001
  1.9712054e-001
  2.1709277e-001
  2.1922069e-001
  1.9158843e-001
  2.0893861e-001
  1.9773018e-001
  1.8903011e-001
  1.9166636e-001
  1.7419547e-001
  1.9084424e-001
  2.0906352e-001
  1.6598849e-001
  2.0135955e-001
  1.7692106e-001
  1.5848484e-001
  1.6190201e-001
  1.8661571e-001
  1.8507468e-001
  1.6170199e-001
  1.6358597e-001
  1.7371305e-001
  1.6822261e-001
  1.4975074e-001
  1.5470885e-001
  1.6948749e-001
  1.7677849e-001
  1.7515206e-001
  1.5856308e-001
  1.6900003e-001
  1.7265761e-001
  1.5066666e-001
  1.5945203e-001
  1.5193398e-001
  1.7505555e-001
  1.6958648e-001
  1.6958784e-001
  1.6771555e-001
  1.7021664e-001
  1.6335402e-001
  1.6411764e-001
  2.7782946e-001
  2.5906118e-001
  2.7905729e-001
  2.7654888e-001
  2.7042430e-001
  2.5253156e-001
  2.7202127e-001
  2.8405066e-001
  2.6299212e-001
  2.5211766e-001
  2.4426929e-001
  2.5474701e-001
  2.3805557e-001
  2.7294859e-001
  2.6901975e-001
  2.6912712e-001
  2.6876670e-001
  2.4714136e-001
  2.6025498e-001
  2.2448297e-001
  2.3270923e-001
  2.4504277e-001
  2.2826284e-001
  2.4575144e-001
  2.4834255e-001
  2.5174582e-001
  2.3489185e-001
  2.2708300e-001
  2.1603187e-001
  2.1850266e-001
  2.1298838e-001
  2.1047451e-001
  2.2412909e-001
  2.3423643e-001
  2.2021190e-001
  2.3195447e-001
  1.9506940e-001
  2.0996673e-001
  2.3114224e-001
  1.9366437e-001
  2.1524619e-001
  1.8795244e-001
  2.1478810e-001
  2.0201143e-001
  1.8321847e-001
  2.0082588e-001
  1.8891978e-001
  1.7473432e-001
  1.9448312e-001
  1.6851125e-001
  1.8051172e-001
  1.6835108e-001
  1.8769836e-001
  1.6184592e-001
  1.8975470e-001
  1.6702269e-001
  1.5545497e-001
  1.6261314e-001
  1.6848094e-001
  1.6722736e-001
  1.5146940e-001
  1.7678725e-001
  1.8559863e-001
  1.7147660e-001
  1.6422670e-001
  1.7158459e-001
  1.7486461e-001
  1.6017360e-001
  1.5960942e-001
  1.6691855e-001
  1.6415249e-001
  1.6183727e-001
  1.7335337e-001
  1.5556767e-001
  1.6313415e-001
  1.6999000e-001
  1.7192929e-001
  1.6131437e-001
  1.5891924e-001
  1.7681152e-001
  2.7210151e-001
  2.9695455e-001
  2.5605220e-001
  2.8083559e-001
  2.8410462e-001
  2.9084882e-001
  2.7143733e-001
  2.7019430e-001
  2.4872191e-001
  2.6991594e-001
  2.5894566e-001
  2.3488472e-001
  2.6742623e-001
  2.7469278e-001
  2.5357432e-001
  2.5818250e-001
  2.5159422e-001
  2.5575242e-001
  2.4230883e-001
  2.5543195e-001
  2.5700017e-001
  2.5681264e-001
  2.3946422e-001
  2.1631862e-001
  2.3778611e-001
  2.2409224e-001
  2.4251958e-001
  2.1902470e-001
  2.0499748e-001
  2.2724171e-001
  2.2831972e-001
  1.9719884e-001
  2.0861837e-001
  2.1259517e-001
  2.0098846e-001
  2.0468783e-001
  2.2303827e-001
  2.1651578e-001
  2.1316124e-001
  1.9077973e-001
  2.1819916e-001
  1.9720568e-001
  1.9176110e-001
  2.1286164e-001
  2.1639929e-001
  2.0216158e-001
  1.9420955e-001
  1.9859527e-001
  1.9937604e-001
  2.0252409e-001
  1.9479879e-001
  1.7172602e-001
  1.7513349e-001
  1.8663991e-001
  1.6349454e-001
  1.5916836e-001
  1.6494047e-001
  1.6987983e-001
  1.5388279e-001
  1.8434243e-001
  1.5898788e-001
  1.5877008e-001
  1.4815643e-001
  1.5894865e-001
  1.7050447e-001
  1.6413722e-001
  1.5325184e-001
  1.6369180e-001
  1.7700415e-001
  1.5330357e-001
  1.7733283e-001
  1.5952647e-001
  1.6989924e-001
  1.6797047e-001
  1.7914966e-001
  1.7236962e-001
  1.7756480e-001
  1.6547846e-001
  1.6310827e-001
  1.6612812e-001
  2.6355060e-001
  2.8597804e-001
  2.6996522e-001
  2.9116881e-001
  2.4790034e-001
  2.6556727e-001
  2.7581401e-001
  2.5924110e-001
  2.5726490e-001
  2.6359518e-001
  2.6392286e-001
  2.7129585e-001
  2.7570983e-001
  2.3555578e-001
  2.6849202e-001
  2.4928891e-001
  2.4799917e-001
  2.5435867e-001
  2.6181880e-001
  2.5044502e-001
  2.4271545e-001
  2.5720158e-001
  2.5275254e-001
  2.2599124e-001
  2.1043203e-001
  2.4805594e-001
  2.5097334e-001
  2.3681704e-001
  2.2983897e-001
  2.0683583e-001
  2.2692714e-001
  2.1100653e-001
  2.3652830e-001
  1.9718273e-001
  2.0106112e-001
  1.9562153e-001
  1.9121718e-001
  2.0420140e-001
  2.3159143e-001
  2.2153910e-001
  2.0150311e-001
  2.0112634e-001
  2.1984950e-001
  2.1084906e-001
  2.0495110e-001
  1.7780472e-001
  1.7719909e-001
  1.8907740e-001
  1.7022436e-001
  1.8873003e-001
  2.0560524e-001
  2.0194229e-001
  1.8191392e-001
  1.5955395e-001
  1.9725203e-001
  1.5456782e-001
  1.6389621e-001
  1.8561799e-001
  1.6764052e-001
  1.7961584e-001
  1.6744722e-001
  1.8245893e-001
  1.8590522e-001
  1.5652521e-001
  1.6568056e-001
  1.7330470e-001
  1.7147540e-001
  1.6033065e-001
  1.5311037e-001
  1.6854090e-001
  1.6906070e-001
  1.5614111e-001
  1.7057734e-001
  1.5396705e-001
  1.5870730e-001
  1.5443312e-001
  1.6941929e-001
  1.5997722e-001
  1.6121621e-001
  1.5472745e-001
  2.7668411e-001
  2.6690807e-001
  2.9895248e-001
  2.6859900e-001
  2.6183930e-001
  2.9137829e-001
  2.7221353e-001
  2.7485192e-001
  2.6965015e-001
  2.6473559e-001
  2.5650440e-001
  2.6966253e-001
  2.7033312e-001
  2.6733242e-001
  2.6001711e-001
  2.5776839e-001
  2.6471130e-001
  2.6671051e-001
  2.3527570e-001
  2.3818592e-001
  2.4831348e-001
  2.5779072e-001
  2.6111395e-001
  2.3850654e-001
  2.3168056e-001
  2.4540833e-001
  2.4890216e-001
  2.1170702e-001
  2.2567128e-001
  2.2073302e-001
  2.1049481e-001
  2.3051849e-001
  2.3001024e-001
  2.1559739e-001
  2.1364857e-001
  2.0294679e-001
  2.1724552e-001
  2.2385664e-001
  1.9875972e-001
  1.9451133e-001
  2.0734489e-001
  1.8560233e-001
  2.0972680e-001
  2.0071949e-001
  1.9168921e-001
  1.8835710e-001
  1.8020464e-001
  1.7304317e-001
  1.8058406e-001
  1.8450987e-001
  2.0043303e-001
  1.8475668e-001
  1.6012873e-001
  1.7593472e-001
  1.6123200e-001
  1.8777094e-001
  1.8034119e-001
  1.7080777e-001
  1.7416160e-001
  1.8581449e-001
  1.7924866e-001
  1.4250561e-001
  1.6429641e-001
  1.7219788e-001
  1.7156509e-001
  1.5878632e-001
  1.6104729e-001
  1.5321528e-001
  1.5904684e-001
  1.6692680e-001
  1.6512631e-001
  1.7367486e-001
  1.6133750e-001
  1.6868308e-001
  1.7305050e-001
  1.7945994e-001
  1.6615916e-001
  1.5555474e-001
  1.7889896e-001
  1.6857984e-001
  2.7228147e-001
  2.8752719e-001
  2.6309642e-001
  2.8247360e-001
  2.6435388e-001
  2.9168424e-001
  2.6766245e-001
  2.5889927e-001
  2.5654389e-001
  2.7169225e-001
  2.5447895e-001
  2.4293556e-001
  2.6278200e-001
  2.4936353e-001
  2.3653318e-001
  2.5208111e-001
  2.3968407e-001
  2.5237080e-001
  2.4065061e-001
  2.3153694e-001
  2.2828651e-001
  2.4768966e-001
  2.3066132e-001
  2.2627873e-001
  2.2685612e-001
  2.3673343e-001
  2.4693884e-001
  2.2744324e-001
  2.2732977e-001
  2.2806799e-001
  2.2989392e-001
  2.3388706e-001
  2.1648340e-001
  2.1917785e-001
  2.3142052e-001
  2.1692677e-001
  2.1438987e-001
  2.1401420e-001
  2.0706010e-001
  2.0443730e-001
  1.9816704e-001
  1.8020686e-001
  2.0997988e-001
  2.0730667e-001
  1.8095345e-001
  1.8945419e-001
  1.7331818e-001
  1.9192062e-001
  1.8087236e-001
  1.6954909e-001
  1.8547758e-001
  1.6037283e-001
  1.9557094e-001
  1.9870934e-001
  1.9756206e-001
  1.7069086e-001
  1.8319725e-001
  1.8148384e-001
  1.5861790e-001
  1.4862066e-001
  1.5537549e-001
  1.4581844e-001
  1.7497598e-001
  1.6636651e-001
  1.5780406e-001
  1.6303003e-001
  1.7020447e-001
  1.5896208e-001
  1.7409833e-001
  1.5699561e-001
  1.6905660e-001
  1.5097333e-001
  1.5049856e-001
  1.6723146e-001
  1.6545159e-001
  1.5821288e-001
  1.7989606e-001
  1.5627225e-001
  1.6446082e-001
  1.6551844e-001
  2.5888920e-001
  2.8897609e-001
  2.9396858e-001
  2.7579229e-001
  2.7594214e-001
  2.6185135e-001
  2.5771901e-001
  2.4864790e-001
  2.4107653e-001
  2.5038488e-001
  2.6201373e-001
  2.4936148e-001
  2.4188167e-001
  2.6079882e-001
  2.6335834e-001
  2.3031155e-001
  2.3111444e-001
  2.2532560e-001
  2.3559345e-001
  2.3597237e-001
  2.5778818e-001
  2.3233784e-001
  2.3986124e-001
  2.5065469e-001
  2.2503767e-001
  2.2446262e-001
  2.1788856e-001
  2.2116975e-001
  2.2504238e-001
  2.0286966e-001
  2.0745803e-001
  1.9836510e-001
  2.1723770e-001
  2.0164268e-001
  2.3298541e-001
  2.1669386e-001
  2.0364965e-001
  2.2583618e-001
  2.0252507e-001
  2.0259881e-001
  2.1851538e-001
  1.9558427e-001
  1.9535665e-001
  1.7686124e-001
  1.8961316e-001
  1.8507043e-001
  2.1031168e-001
  1.9534082e-001
  2.0675440e-001
  1.9300443e-001
  1.8109420e-001
  1.8883569e-001
  1.9914101e-001
  1.9219701e-001
  1.5839963e-001
  1.6663646e-001
  1.6314125e-001
  1.5063027e-001
  1.7472699e-001
  1.7763489e-001
  1.4480299e-001
  1.8461135e-001
  1.6307572e-001
  1.6958906e-001
  1.7366359e-001
  1.5072564e-001
  1.7325974e-001
  1.5269483e-001
  1.7053400e-001
  1.6047070e-001
  1.6459093e-001
  1.5764587e-001
  1.7103571e-001
  1.5256880e-001
  1.6107563e-001
  1.7377262e-001
  1.6822434e-001
  1.7438838e-001
  1.5281933e-001
  1.5703601e-001
  2.8988519e-001
  2.9045892e-001
  2.8753946e-001
  2.8651384e-001
  2.8875311e-001
  2.8684900e-001
  2.7396733e-001
  2.8468945e-001
  2.6194824e-001
  2.4889947e-001
  2.7582035e-001
  2.7175521e-001
  2.6993475e-001
  2.7491028e-001
  2.4637398e-001
  2.3291929e-001
  2.3038001e-001
  2.4972994e-001
  2.3913268e-001
  2.4560155e-001
  2.2471824e-001
  2.2185004e-001
  2.3342514e-001
  2.5476132e-001
  2.4652537e-001
  2.4144776e-001
  2.2585901e-001
  2.2840546e-001
  2.3033930e-001
  2.2324480e-001
  2.0715524e-001
  1.9814185e-001
  2.2346928e-001
  2.1126645e-001
  2.2789806e-001
  2.2432382e-001
  2.1328609e-001
  1.9410721e-001
  2.3065299e-001
  1.8631887e-001
  2.2047197e-001
  2.1183228e-001
  1.8502685e-001
  1.9956496e-001
  2.0689595e-001
  1.7395155e-001
  1.7317929e-001
  1.6921906e-001
  1.9132305e-001
  1.6854622e-001
  1.7628991e-001
  2.0196104e-001
  1.8241270e-001
  1.7608020e-001
  1.8575123e-001
  1.7301252e-001
  1.7135260e-001
  1.8138854e-001
  1.5093255e-001
  1.6591005e-001
  1.7270907e-001
  1.7678841e-001
  1.7030082e-001
  1.6769381e-001
  1.6663580e-001
  1.5306307e-001
  1.6728493e-001
  1.6390424e-001
  1.7942384e-001
  1.5052316e-001
  1.7844259e-001
  1.5647369e-001
  1.5937018e-001
  1.7864287e-001
  1.6762593e-001
  1.6120091e-001
  1.7167258e-001
  1.6694943e-001
  1.5876293e-001
  1.7838275e-001
  2.8712908e-001
  2.7682287e-001
  2.5667642e-001
  2.4927203e-001
  2.5536305e-001
  2.5250471e-001
  2.6904345e-001
  2.5640764e-001
  2.8085719e-001
  2.8443983e-001
  2.6441884e-001
  2.4300244e-001
  2.6263039e-001
  2.3575763e-001
  2.5543141e-001
  2.4186541e-001
  2.6330461e-001
  2.4809383e-001
  2.3056626e-001
  2.5985807e-001
  2.3840596e-001
  2.1880704e-001
  2.5731310e-001
  2.1087184e-001
  2.2715079e-001
  2.2182714e-001
  2.1513209e-001
  2.4316373e-001
  2.1630963e-001
  2.3625780e-001
  2.0278076e-001
  2.0733935e-001
  2.0452344e-001
  2.2600110e-001
  2.2556603e-001
  1.9442514e-001
  2.1233772e-001
  2.0244005e-001
  2.1034462e-001
  1.9903288e-001
  1.9399833e-001
  2.0417607e-001
  2.2458380e-001
  1.8423000e-001
  1.9188257e-001
  2.1119554e-001
  2.0100189e-001
  2.0035742e-001
  1.8987974e-001
  2.0424428e-001
  1.9642650e-001
  1.9150308e-001
  2.0003779e-001
  1.7113727e-001
  1.8523686e-001
  1.8667723e-001
  1.6053613e-001
  1.9212697e-001
  1.8998394e-001
  1.5231763e-001
  1.5069417e-001
  1.4961736e-001
  1.6148587e-001
  1.5521538e-001
  1.7542460e-001
  1.7940620e-001
  1.6817106e-001
  1.7282289e-001
  1.7929833e-001
  1.7830803e-001
  1.6298531e-001
  1.7122517e-001
  1.7664323e-001
  1.6881509e-001
  1.5017560e-001
  1.6023657e-001
  1.5544918e-001
  1.6748534e-001
  1.6378976e-001
  1.7422516e-001
  2.9361606e-001
  2.9816640e-001
  2.7662587e-001
  2.9021186e-001
  2.4965222e-001
  2.5273621e-001
  2.8423371e-001
  2.4717474e-001
  2.5597298e-001
  2.5014412e-001
  2.5293046e-001
  2.3952106e-001
  2.3807077e-001
  2.3973454e-001
  2.3849631e-001
  2.2852695e-001
  2.2601446e-001
  2.5740670e-001
  2.6841711e-001
  2.2922177e-001
  2.4012739e-001
  2.3657132e-001
  2.3720515e-001
  2.1770708e-001
  2.1879276e-001
  2.1209732e-001
  2.4542010e-001
  2.3471668e-001
  2.2955211e-001
  2.2613972e-001
  2.1451158e-001
  2.0800671e-001
  2.2926219e-001
  2.1229095e-001
  2.1482242e-001
  2.2665358e-001
  2.2541404e-001
  2.1934236e-001
  2.2861319e-001
  1.9307425e-001
  1.9119964e-001
  1.9418194e-001
  1.9244624e-001
  1.8668846e-001
  2.0330723e-001
  1.8950336e-001
  1.9840864e-001
  1.7652614e-001
  1.7765352e-001
  1.6628807e-001
  1.9001758e-001
  1.6446038e-001
  2.0206241e-001
  1.9139725e-001
  1.8926229e-001
  1.9103642e-001
  1.8975505e-001
  1.7298884e-001
  1.5127827e-001
  1.8683673e-001
  1.6581715e-001
  1.6451686e-001
  1.7153853e-001
  1.5510386e-001
  1.6663846e-001
  1.7376525e-001
  1.7659249e-001
  1.6141250e-001
  1.6801205e-001
  1.6052006e-001
  1.5151027e-001
  1.6394149e-001
  1.6328987e-001
  1.6267993e-001
  1.5329882e-001
  1.6898868e-001
  1.6134001e-001
  1.7456168e-001
  1.6400612e-001
  1.5582872e-001
  2.6043267e-001
  2.8587896e-001
  2.6605570e-001
  2.8707132e-001
  2.6555303e-001
  2.7667229e-001
  2.9023216e-001
  2.4594742e-001
  2.7993008e-001
  2.6124685e-001
  2.6446279e-001
  2.6137538e-001
  2.4271153e-001
  2.4292728e-001
  2.3507645e-001
  2.6675876e-001
  2.5888072e-001
  2.2757870e-001
  2.2526688e-001
  2.5025347e-001
  2.2911887e-001
  2.6191096e-001
  2.5074366e-001
  2.1473598e-001
  2.5440356e-001
  2.5028990e-001
  2.2627495e-001
  2.3735128e-001
  2.3043901e-001
  2.3683154e-001
  2.3038347e-001
  2.1816394e-001
  2.2741445e-001
  2.2416304e-001
  2.2319377e-001
  1.9496171e-001
  2.0125021e-001
  2.0522156e-001
  2.0846789e-001
  1.8918336e-001
  1.9708575e-001
  1.9941748e-001
  1.8542489e-001
  1.8949385e-001
  2.0566642e-001
  2.1420358e-001
  1.8832017e-001
  1.9357529e-001
  1.8801122e-001
  1.8552570e-001
  1.9322996e-001
  1.9638159e-001
  1.6862034e-001
  1.5871661e-001
  1.6513186e-001
  1.6592921e-001
  1.6125151e-001
  1.7623643e-001
  1.8525252e-001
  1.7018971e-001
  1.5705578e-001
  1.4586479e-001
  1.5366689e-001
  1.6630029e-001
  1.7331268e-001
  1.7362747e-001
  1.6329032e-001
  1.6379317e-001
  1.6789067e-001
  1.5523111e-001
  1.5897850e-001
  1.7073217e-001
  1.5329521e-001
  1.5065185e-001
  1.7600779e-001
  1.5037890e-001
  1.6073350e-001
  1.7796393e-001
  1.7476612e-001
  1.5614683e-001
  2.9724022e-001
  2.9209552e-001
  2.6613071e-001
  2.4931704e-001
  2.8272432e-001
  2.5754736e-001
  2.9175562e-001
  2.8273682e-001
  2.4889408e-001
  2.8180105e-001
  2.4265542e-001
  2.4788514e-001
  2.7569238e-001
  2.5752056e-001
  2.5433846e-001
  2.6328139e-001
  2.4373180e-001
  2.2592743e-001
  2.3273865e-001
  2.1958122e-001
  2.4243508e-001
  2.2039787e-001
  2.2182072e-001
  2.4309587e-001
  2.2312027e-001
  2.2509474e-001
  2.2326700e-001
  2.4553777e-001
  2.2309244e-001
  2.4519875e-001
  2.3868540e-001
  1.9564826e-001
  2.0530664e-001
  1.9943500e-001
  2.0167688e-001
  2.0340098e-001
  1.9114745e-001
  2.1172648e-001
  1.9061794e-001
  1.9315970e-001
  2.1529673e-001
  1.8295177e-001
  2.1160070e-001
  1.9106050e-001
  2.1381228e-001
  1.8269812e-001
  1.8716373e-001
  2.0800549e-001
  1.9340560e-001
  1.7493536e-001
  2.0705197e-001
  1.5843525e-001
  1.9055528e-001
  1.8663275e-001
  2.0211442e-001
  1.7549618e-001
  1.6302852e-001
  1.8082348e-001
  1.7396796e-001
  1.4925554e-001
  1.6584678e-001
  1.8672020e-001
  1.6895821e-001
  1.5831424e-001
  1.7223012e-001
  1.7834078e-001
  1.5168870e-001
  1.7135615e-001
  1.6355370e-001
  1.5916779e-001
  1.5601840e-001
  1.6430626e-001
  1.7078609e-001
  1.5532070e-001
  1.6026380e-001
  1.7067750e-001
  1.5361539e-001
  1.7024481e-001
  1.7247017e-001
  1.5388044e-001
  2.6838016e-001
  2.5953572e-001
  2.6458967e-001
  2.6853434e-001
  2.8968827e-001
  2.7730258e-001
  2.7905196e-001
  2.7043203e-001
  2.5903407e-001
  2.4440569e-001
  2.6109262e-001
  2.3755808e-001
  2.7284463e-001
  2.4711010e-001
  2.4566867e-001
  2.4839907e-001
  2.6682696e-001
  2.4582007e-001
  2.3351663e-001
  2.6028644e-001
  2.5954353e-001
  2.5132690e-001
  2.6179492e-001
  2.2385423e-001
  2.4133746e-001
  2.1376003e-001
  2.1094299e-001
  2.3122158e-001
  2.1430582e-001
  2.0726978e-001
  2.4645992e-001
  1.9568757e-001
  2.1776803e-001
  2.1271323e-001
  2.3295503e-001
  2.1960367e-001
  1.9089185e-001
  1.9249540e-001
  1.9198163e-001
  2.0584595e-001
  2.2160481e-001
  2.2014914e-001
  1.8612924e-001
  2.0804128e-001
  2.0146558e-001
  1.7769131e-001
  2.0662969e-001
  1.8822782e-001
  1.8513883e-001
  1.6508489e-001
  1.8588256e-001
  1.8462476e-001
  1.8829352e-001
  1.7770708e-001
  1.6342758e-001
  1.5817888e-001
  1.5403301e-001
  1.5496747e-001
  1.5577783e-001
  1.5825979e-001
  1.8236471e-001
  1.6911208e-001
  1.6240576e-001
  1.5294331e-001
  1.5538741e-001
  1.5280811e-001
  1.7890823e-001
  1.5219716e-001
  1.7366797e-001
  1.6081638e-001
  1.6926258e-001
  1.6184335e-001
  1.5633485e-001
  1.5636705e-001
  1.7877599e-001
  1.6335951e-001
  1.7834204e-001
  1.5210925e-001
  1.7258265e-001
  1.6608195e-001
  2.9034586e-001
  2.9989403e-001
  2.6108366e-001
  2.5003871e-001
  2.5135758e-001
  2.5718494e-001
  2.8731545e-001
  2.7932290e-001
  2.7431399e-001
  2.8178985e-001
  2.4541533e-001
  2.5975833e-001
  2.7651194e-001
  2.6024986e-001
  2.4024031e-001
  2.5654557e-001
  2.5602075e-001
  2.4940572e-001
  2.3898390e-001
  2.6035515e-001
  2.6226645e-001
  2.6168481e-001
  2.4728798e-001
  2.4469806e-001
  2.1720686e-001
  2.3647876e-001
  2.2535204e-001
  2.2860647e-001
  2.2877747e-001
  2.1981123e-001
  2.0505633e-001
  2.3842504e-001
  2.1874725e-001
  2.3887882e-001
  2.3380888e-001
  2.2789748e-001
  2.1933048e-001
  2.1547935e-001
  2.2134875e-001
  2.1075927e-001
  1.8985928e-001
  2.0406729e-001
  1.9247785e-001
  2.1540195e-001
  2.0565604e-001
  1.7381997e-001
  2.0691240e-001
  2.0263072e-001
  2.0532305e-001
  1.7094645e-001
  1.9736535e-001
  1.8005179e-001
  1.8707649e-001
  1.6082767e-001
  1.6282381e-001
  1.5087158e-001
  1.6030474e-001
  1.5132463e-001
  1.5761875e-001
  1.6536981e-001
  1.5797820e-001
  1.5781132e-001
  1.5849924e-001
  1.5037303e-001
  1.6132738e-001
  1.6300492e-001
  1.6405457e-001
  1.7896261e-001
  1.7958268e-001
  1.6414520e-001
  1.6202209e-001
  1.6415826e-001
  1.6534285e-001
  1.7747129e-001
  1.6258237e-001
  1.6105033e-001
  1.6358505e-001
  1.5534694e-001
  1.6417904e-001
  1.7888791e-001
  2.6842666e-001
  2.6234810e-001
  2.5930628e-001
  2.7140140e-001
  2.9061812e-001
  2.5033120e-001
  2.6279757e-001
  2.4229553e-001
  2.5892167e-001
  2.4478423e-001
  2.4037780e-001
  2.4728987e-001
  2.5616867e-001
  2.7402994e-001
  2.3261681e-001
  2.5422997e-001
  2.4586679e-001
  2.6968347e-001
  2.5535413e-001
  2.4199682e-001
  2.5284232e-001
  2.2219668e-001
  2.2350450e-001
  2.1224856e-001
  2.5163228e-001
  2.3223021e-001
  2.5135292e-001
  2.0590050e-001
  2.1304917e-001
  2.0499416e-001
  2.0501875e-001
  2.3871657e-001
  2.3960858e-001
  2.3740806e-001
  2.0313467e-001
  2.1874918e-001
  2.1746989e-001
  2.3131583e-001
  1.9689768e-001
  2.1421087e-001
  1.9443946e-001
  2.2141997e-001
  2.0637552e-001
  1.7831109e-001
  2.0936409e-001
  1.8144421e-001
  1.7333049e-001
  2.0754426e-001
  1.9287210e-001
  1.7818689e-001
  1.9178328e-001
  1.9707632e-001
  2.0140667e-001
  1.7251705e-001
  1.8993271e-001
  1.8839496e-001
  1.5289773e-001
  1.5544995e-001
  1.5333606e-001
  1.4475621e-001
  1.4548135e-001
  1.6843930e-001
  1.5712834e-001
  1.6420459e-001
  1.6883803e-001
  1.5311334e-001
  1.7898703e-001
  1.5553931e-001
  1.5600053e-001
  1.5222855e-001
  1.7791201e-001
  1.5668512e-001
  1.5700804e-001
  1.6502962e-001
  1.6814554e-001
  1.5228636e-001
  1.6093921e-001
  1.5626422e-001
  1.5576223e-001
  1.6060553e-001
  2.9091221e-001
  2.9728611e-001
  2.7576077e-001
  2.5707824e-001
  2.6909566e-001
  2.7161898e-001
  2.7218672e-001
  2.5463295e-001
  2.7966379e-001
  2.7313751e-001
  2.7783248e-001
  2.4434779e-001
  2.5179483e-001
  2.3767692e-001
  2.7140397e-001
  2.2857649e-001
  2.6007410e-001
  2.5373482e-001
  2.4503900e-001
  2.3195402e-001
  2.5807895e-001
  2.4249455e-001
  2.2191735e-001
  2.1876730e-001
  2.5393185e-001
  2.3700904e-001
  2.3017281e-001
  2.1972534e-001
  2.3357355e-001
  2.3988173e-001
  2.2896902e-001
  2.0949011e-001
  1.9797501e-001
  2.1193134e-001
  1.9636070e-001
  1.8808875e-001
  1.8985588e-001
  1.9631655e-001
  2.2177223e-001
  2.0537939e-001
  1.8133682e-001
  2.1141394e-001
  1.9999638e-001
  2.0239066e-001
  1.8538395e-001
  2.1127324e-001
  2.0965611e-001
  2.0337829e-001
  1.7642093e-001
  1.6704936e-001
  1.9035415e-001
  2.0228633e-001
  1.9002810e-001
  1.6273911e-001
  1.7121224e-001
  1.5711182e-001
  1.5760395e-001
  1.5310909e-001
  1.8429162e-001
  1.6982343e-001
  1.7573554e-001
  1.8366509e-001
  1.5885768e-001
  1.5209443e-001
  1.6788168e-001
  1.6772003e-001
  1.6545436e-001
  1.7455406e-001
  1.7005442e-001
  1.7741406e-001
  1.6477168e-001
  1.7050467e-001
  1.5177308e-001
  1.5615692e-001
  1.7802382e-001
  1.7106743e-001
  1.7295462e-001
  1.5967719e-001
  1.7163575e-001
  1.7322724e-001
  2.8590181e-001
  2.5698845e-001
  2.9157868e-001
  2.5825597e-001
  2.6191671e-001
  2.8669991e-001
  2.9088909e-001
  2.6652582e-001
  2.8142161e-001
  2.7977509e-001
  2.6148824e-001
  2.3441808e-001
  2.5484877e-001
  2.5187788e-001
  2.3810043e-001
  2.3507470e-001
  2.5952852e-001
  2.4930139e-001
  2.4565233e-001
  2.5418979e-001
  2.2186258e-001
  2.3411991e-001
  2.4262399e-001
  2.4805790e-001
  2.1896200e-001
  2.4878344e-001
  2.3629665e-001
  2.2990264e-001
  2.3636615e-001
  2.2381715e-001
  2.3910973e-001
  2.0674351e-001
  2.3290638e-001
  1.9820128e-001
  2.0396732e-001
  2.1977347e-001
  1.9820977e-001
  1.9567419e-001
  1.9216031e-001
  2.1806935e-001
  1.8909004e-001
  1.8700697e-001
  1.8680862e-001
  1.9044812e-001
  2.0497231e-001
  1.8618037e-001
  1.9088294e-001
  1.9508589e-001
  1.8104753e-001
  2.0130614e-001
  1.6799878e-001
  1.7633155e-001
  1.9154121e-001
  1.9979249e-001
  1.9271087e-001
  1.5297823e-001
  1.7459841e-001
  1.7135760e-001
  1.7505127e-001
  1.5925413e-001
  1.7141336e-001
  1.6196430e-001
  1.6902921e-001
  1.5209097e-001
  1.7691700e-001
  1.5055068e-001
  1.6924532e-001
  1.6323467e-001
  1.7569245e-001
  1.6861249e-001
  1.6602294e-001
  1.7332501e-001
  1.7948968e-001
  1.6097206e-001
  1.6363727e-001
  1.7220914e-001
  1.5950931e-001
  1.7987511e-001
  1.7704130e-001
  1.6796797e-001
  2.8736297e-001
  2.9838605e-001
  2.5887885e-001
  2.7620331e-001
  2.7292818e-001
  2.5094754e-001
  2.8851513e-001
  2.6941390e-001
  2.6107668e-001
  2.6435294e-001
  2.7729955e-001
  2.5628767e-001
  2.4545726e-001
  2.5040641e-001
  2.5011919e-001
  2.5749956e-001
  2.4452280e-001
  2.6876526e-001
  2.3852783e-001
  2.4305514e-001
  2.3274533e-001
  2.5167243e-001
  2.2859139e-001
  2.3049553e-001
  2.4864887e-001
  2.4832270e-001
  2.1101721e-001
  2.2068461e-001
  2.1069567e-001
  2.2925752e-001
  2.3196477e-001
  1.9957568e-001
  2.1396600e-001
  2.2049676e-001
  1.9873244e-001
  2.1555235e-001
  1.8845721e-001
  2.3231530e-001
  2.0218135e-001
  2.0991530e-001
  2.0028224e-001
  1.8152684e-001
  2.1157648e-001
  1.7307431e-001
  1.7867392e-001
  1.8479982e-001
  2.0512358e-001
  1.8753207e-001
  2.0524247e-001
  2.0096581e-001
  1.6797543e-001
  2.0013053e-001
  1.7485698e-001
  1.9664409e-001
  1.6306819e-001
  1.7186510e-001
  1.7037693e-001
  1.5888674e-001
  1.6170067e-001
  1.6566811e-001
  1.5301551e-001
  1.7664273e-001
  1.8166455e-001
  1.6019084e-001
  1.7366388e-001
  1.5863891e-001
  1.7541337e-001
  1.5920556e-001
  1.5421134e-001
  1.5170012e-001
  1.5020482e-001
  1.7279200e-001
  1.6716695e-001
  1.6208044e-001
  1.7753713e-001
  1.7382557e-001
  1.6230773e-001
  1.6856612e-001
  1.5872192e-001
  1.6668056e-001
  2.8130102e-001
  2.5738423e-001
  2.9559422e-001
  2.4993846e-001
  2.4857518e-001
  2.8340500e-001
  2.6692421e-001
  2.6866448e-001
  2.8392017e-001
  2.6534096e-001
  2.5002819e-001
  2.6673238e-001
  2.7406283e-001
  2.7404797e-001
  2.3703546e-001
  2.6268824e-001
  2.4162759e-001
  2.6431950e-001
  2.4840800e-001
  2.5599477e-001
  2.5328179e-001
  2.3932139e-001
  2.5849906e-001
  2.1244688e-001
  2.2435129e-001
  2.1247584e-001
  2.1540612e-001
  2.4646933e-001
  2.3646507e-001
  2.1419703e-001
  2.2353873e-001
  2.1350786e-001
  2.0311583e-001
  2.3557380e-001
  2.1324948e-001
  1.9499313e-001
  2.1987312e-001
  1.8895123e-001
  2.2669063e-001
  1.9013958e-001
  2.0263975e-001
  2.0736776e-001
  2.2316692e-001
  2.1130210e-001
  2.0134353e-001
  1.7958198e-001
  1.8834518e-001
  1.7125569e-001
  1.9828645e-001
  1.9256513e-001
  1.9516903e-001
  1.9903612e-001
  1.9449623e-001
  1.9464822e-001
  1.6450147e-001
  1.5913711e-001
  1.5372667e-001
  1.5834767e-001
  1.5003347e-001
  1.6760845e-001
  1.4318815e-001
  1.4571242e-001
  1.5034107e-001
  1.5173805e-001
  1.6180071e-001
  1.6635059e-001
  1.6575618e-001
  1.7606628e-001
  1.6328708e-001
  1.6365777e-001
  1.5996061e-001
  1.7127430e-001
  1.6095754e-001
  1.7447602e-001
  1.7333131e-001
  1.6229093e-001
  1.6022294e-001
  1.5356096e-001
  1.7999248e-001
  1.7400860e-001
  2.7717852e-001
  2.7177706e-001
  2.8190296e-001
  2.6866735e-001
  2.7263067e-001
  2.5516652e-001
  2.6443072e-001
  2.7305113e-001
  2.5311049e-001
  2.8053284e-001
  2.7366200e-001
  2.5846466e-001
  2.7020551e-001
  2.7729509e-001
  2.4849486e-001
  2.6068519e-001
  2.4203901e-001
  2.6591524e-001
  2.4783654e-001
  2.4713044e-001
  2.2622733e-001
  2.2971367e-001
  2.2515345e-001
  2.3674762e-001
  2.2358194e-001
  2.4704376e-001
  2.3674411e-001
  2.1436875e-001
  2.0306331e-001
  2.1089172e-001
  2.4695194e-001
  2.1695298e-001
  2.1128302e-001
  2.1540813e-001
  1.9892492e-001
  1.8938584e-001
  1.9646975e-001
  2.0695619e-001
  1.8972907e-001
  2.0086528e-001
  2.1418815e-001
  2.0990560e-001
  2.1146074e-001
  2.0892821e-001
  1.7583499e-001
  1.8270721e-001
  1.7405408e-001
  2.0894603e-001
  1.8258838e-001
  1.7108101e-001
  2.0012750e-001
  1.8794531e-001
  1.8442833e-001
  1.6212504e-001
  1.8392981e-001
  1.9483308e-001
  1.5353791e-001
  1.7029300e-001
  1.6372258e-001
  1.6845221e-001
  1.5811246e-001
  1.7729170e-001
  1.6021920e-001
  1.5915598e-001
  1.5109677e-001
  1.6842788e-001
  1.7098574e-001
  1.6669766e-001
  1.5313271e-001
  1.6672626e-001
  1.5963731e-001
  1.5271470e-001
  1.7985633e-001
  1.7116310e-001
  1.7573757e-001
  1.7098334e-001
  1.6462842e-001
  1.7050598e-001
  1.5812804e-001
  1.6168082e-001
  2.7298595e-001
  2.7794182e-001
  2.7691179e-001
  2.5502846e-001
  2.6734575e-001
  2.7229917e-001
  2.5649999e-001
  2.6790223e-001
  2.8199009e-001
  2.6886561e-001
  2.6219983e-001
  2.4337685e-001
  2.4216491e-001
  2.5403318e-001
  2.4826401e-001
  2.5048596e-001
  2.5997543e-001
  2.3002626e-001
  2.4654472e-001
  2.2316043e-001
  2.3811202e-001
  2.3477705e-001
  2.5122998e-001
  2.1367787e-001
  2.4315960e-001
  2.4898579e-001
  2.1007129e-001
  2.1233342e-001
  2.3269470e-001
  2.4017083e-001
  2.3280511e-001
  2.3652901e-001
  2.1262986e-001
  2.0561225e-001
  2.0683609e-001
  2.0713465e-001
  2.0863203e-001
  2.1668999e-001
  2.2893715e-001
  1.8271524e-001
  1.9841407e-001
  2.2004596e-001
  2.1231370e-001
  2.1515196e-001
  2.0635943e-001
  2.0340012e-001
  2.0725831e-001
  1.8195167e-001
  1.7128595e-001
  1.9704056e-001
  1.7391895e-001
  1.7335748e-001
  1.8015520e-001
  1.8550119e-001
  2.0024336e-001
  1.8019635e-001
  1.5384374e-001
  1.7324674e-001
  1.6001096e-001
  1.4300643e-001
  1.7349549e-001
  1.4252673e-001
  1.8545916e-001
  1.5149866e-001
  1.7582582e-001
  1.5176554e-001
  1.6461125e-001
  1.6156636e-001
  1.5998888e-001
  1.7721220e-001
  1.7018263e-001
  1.6780415e-001
  1.6062368e-001
  1.7848024e-001
  1.5984317e-001
  1.6804511e-001
  1.5134694e-001
  1.6115258e-001
  1.7512489e-001
  1.6376827e-001
  2.8407750e-001
  2.8827728e-001
  2.7134133e-001
  2.7796799e-001
  2.8668290e-001
  2.8226974e-001
  2.8468674e-001
  2.5459219e-001
  2.4440276e-001
  2.4045903e-001
  2.6692135e-001
  2.6100607e-001
  2.5804645e-001
  2.5491877e-001
  2.4273192e-001
  2.4695193e-001
  2.6485730e-001
  2.5701201e-001
  2.4699731e-001
  2.3154505e-001
  2.5429758e-001
  2.5557718e-001
  2.4829751e-001
  2.4804410e-001
  2.1780463e-001
  2.1393608e-001
  2.1277603e-001
  2.1358095e-001
  2.1030823e-001
  2.2522831e-001
  2.4334532e-001
  2.0075163e-001
  2.0973538e-001
  2.1639580e-001
  2.2623446e-001
  2.1713598e-001
  2.0204009e-001
  2.3233874e-001
  2.0663696e-001
  2.2447737e-001
  2.1695130e-001
  2.1608716e-001
  2.2355856e-001
  2.0699034e-001
  2.0538457e-001
  1.8830872e-001
  1.8639021e-001
  1.8763029e-001
  1.7220775e-001
  1.9206507e-001
  1.8927375e-001
  1.6721845e-001
  1.6474376e-001
  1.6329776e-001
  1.6746671e-001
  1.8162634e-001
  1.9088333e-001
  1.8664308e-001
  1.8042268e-001
  1.4554463e-001
  1.4800115e-001
  1.7026603e-001
  1.7907380e-001
  1.6723774e-001
  1.5771548e-001
  1.7934559e-001
  1.6295184e-001
  1.6224714e-001
  1.6932581e-001
  1.6947507e-001
  1.6678562e-001
  1.6155300e-001
  1.7323371e-001
  1.7159527e-001
  1.6766342e-001
  1.7065121e-001
  1.5602701e-001
  1.5388968e-001
  1.6242263e-001
  1.7104819e-001
  2.9785705e-001
  2.6090260e-001
  2.6365011e-001
  2.5228154e-001
  2.6975088e-001
  2.7427400e-001
  2.9115977e-001
  2.8480065e-001
  2.4019856e-001
  2.6598213e-001
  2.5230604e-001
  2.5815630e-001
  2.7163372e-001
  2.4177212e-001
  2.4708959e-001
  2.5368359e-001
  2.2947152e-001
  2.3142351e-001
  2.2661227e-001
  2.2418216e-001
  2.1764487e-001
  2.2257037e-001
  2.2557307e-001
  2.4570147e-001
  2.4529363e-001
  2.3836715e-001
  2.1665817e-001
  2.0430915e-001
  2.1260422e-001
  2.2342783e-001
  2.3998455e-001
  2.1339659e-001
  2.1823217e-001
  2.0409092e-001
  2.0918200e-001
  2.2799319e-001
  1.9299577e-001
  2.2983014e-001
  2.0658949e-001
  1.9731668e-001
  2.2425230e-001
  1.9276651e-001
  2.0561271e-001
  1.7330015e-001
  1.9788808e-001
  1.9035710e-001
  1.7878523e-001
  1.9145554e-001
  2.0096342e-001
  2.0565717e-001
  1.9118634e-001
  1.7994761e-001
  2.0072450e-001
  1.8977481e-001
  1.7574889e-001
  1.6623209e-001
  1.7178640e-001
  1.7088926e-001
  1.6999380e-001
  1.6698600e-001
  1.4703575e-001
  1.8624134e-001
  1.5611463e-001
  1.5575375e-001
  1.7802412e-001
  1.7017976e-001
  1.5588876e-001
  1.5092118e-001
  1.7342320e-001
  1.6237101e-001
  1.5957704e-001
  1.5063761e-001
  1.7674887e-001
  1.7933022e-001
  1.6838379e-001
  1.5534257e-001
  1.7307245e-001
  1.7718103e-001
  1.6915499e-001
  1.6075547e-001
  2.5699757e-001
  2.8231839e-001
  2.6423756e-001
  2.8328048e-001
  2.5786201e-001
  2.5615063e-001
  2.6792293e-001
  2.4970246e-001
  2.7851131e-001
  2.6357348e-001
  2.7836635e-001
  2.5671141e-001
  2.4018614e-001
  2.7408861e-001
  2.5920970e-001
  2.5442644e-001
  2.5908079e-001
  2.4050135e-001
  2.5981304e-001
  2.4861371e-001
  2.3404066e-001
  2.2134899e-001
  2.6076850e-001
  2.5269615e-001
  2.4269732e-001
  2.3265403e-001
  2.2791538e-001
  2.0774218e-001
  2.4580677e-001
  2.4565213e-001
  2.1888596e-001
  2.3247008e-001
  2.1898657e-001
  2.2170593e-001
  2.0213705e-001
  1.9590465e-001
  2.1798976e-001
  1.9246329e-001
  2.1826421e-001
  1.9646558e-001
  2.0606771e-001
  1.9372734e-001
  1.8280087e-001
  2.1456313e-001
  2.0219795e-001
  2.0893618e-001
  1.9224154e-001
  1.7795408e-001
  2.0861214e-001
  1.6777587e-001
  1.7396126e-001
  1.7484210e-001
  1.6485925e-001
  1.8994014e-001
  1.7661912e-001
  1.7770465e-001
  1.5526434e-001
  1.6183928e-001
  1.8772144e-001
  1.8085161e-001
  1.8607018e-001
  1.5174018e-001
  1.5461830e-001
  1.7015915e-001
  1.7639674e-001
  1.6992869e-001
  1.7017943e-001
  1.7653834e-001
  1.6657585e-001
  1.5163306e-001
  1.6105523e-001
  1.6749351e-001
  1.6224709e-001
  1.5941128e-001
  1.6276025e-001
  1.6498638e-001
  1.5719385e-001
  1.6133073e-001
  1.7346210e-001
  1.7693874e-001
  2.7941017e-001
  2.6496364e-001
  2.6500285e-001
  2.6800841e-001
  2.7769783e-001
  2.6965628e-001
  2.7429529e-001
  2.6629821e-001
  2.5887594e-001
  2.4688192e-001
  2.7921506e-001
  2.6770541e-001
  2.6861616e-001
  2.4154002e-001
  2.5867507e-001
  2.5171241e-001
  2.4344279e-001
  2.3851633e-001
  2.2718629e-001
  2.3753108e-001
  2.2489557e-001
  2.4891044e-001
  2.2869473e-001
  2.1491816e-001
  2.1227054e-001
  2.1823618e-001
  2.1669064e-001
  2.1930005e-001
  2.1833691e-001
  2.4510826e-001
  2.1209210e-001
  2.1252515e-001
  2.0493929e-001
  2.2344671e-001
  2.1878199e-001
  1.9987897e-001
  2.1973426e-001
  2.1704569e-001
  2.2613382e-001
  2.0235126e-001
  2.1689816e-001
  2.0466926e-001
  2.2342357e-001
  1.9742769e-001
  2.0281507e-001
  2.1047057e-001
  1.8976194e-001
  1.8184113e-001
  1.8135299e-001
  2.0032127e-001
  1.9109198e-001
  1.7104651e-001
  1.8225133e-001
  1.7591198e-001
  1.9940069e-001
  1.5382523e-001
  1.6290422e-001
  1.7379291e-001
  1.7655128e-001
  1.6652147e-001
  1.5444926e-001
  1.4592417e-001
  1.5758552e-001
  1.5392162e-001
  1.7368677e-001
  1.5277723e-001
  1.5549591e-001
  1.6193155e-001
  1.7705470e-001
  1.6450604e-001
  1.6552111e-001
  1.5175002e-001
  1.6829364e-001
  1.5701918e-001
  1.5893250e-001
  1.6646048e-001
  1.7795008e-001
  1.6773412e-001
  1.7235659e-001
  1.5291409e-001
  2.7142095e-001
  2.6141347e-001
  2.9873529e-001
  2.5699960e-001
  2.6825806e-001
  2.9107133e-001
  2.8195459e-001
  2.7444290e-001
  2.4702155e-001
  2.8225561e-001
  2.7809406e-001
  2.3633181e-001
  2.4121949e-001
  2.3288877e-001
  2.6230806e-001
  2.4598902e-001
  2.4574586e-001
  2.2788613e-001
  2.3914410e-001
  2.4839435e-001
  2.2282471e-001
  2.3627855e-001
  2.5006439e-001
  2.1727667e-001
  2.3239221e-001
  2.4843004e-001
  2.2618201e-001
  2.0256820e-001
  2.0417556e-001
  2.2551967e-001
  2.3310957e-001
  2.2777194e-001
  2.2242153e-001
  2.2579968e-001
  2.0742272e-001
  2.0344854e-001
  1.9793766e-001
  2.1654960e-001
  2.1111682e-001
  2.2014991e-001
  2.1159615e-001
  1.9649477e-001
  2.0679637e-001
  1.7598485e-001
  1.7644987e-001
  2.0403835e-001
  1.8489929e-001
  1.7363058e-001
  1.8705941e-001
  1.9627796e-001
  1.9867969e-001
  1.8595476e-001
  1.6629139e-001
  1.8073567e-001
  1.8781564e-001
  1.9011297e-001
  1.7669833e-001
  1.9232459e-001
  1.7608612e-001
  1.4579435e-001
  1.6588718e-001
  1.4662038e-001
  1.6086540e-001
  1.5798844e-001
  1.6604127e-001
  1.5099529e-001
  1.7429306e-001
  1.6867268e-001
  1.7781114e-001
  1.6180608e-001
  1.7783744e-001
  1.7117716e-001
  1.5962640e-001
  1.5563492e-001
  1.7440163e-001
  1.5537712e-001
  1.7041169e-001
  1.5751091e-001
  1.5294723e-001
  1.6451585e-001
  2.7534409e-001
  2.8109213e-001
  2.7827153e-001
  2.4792127e-001
  2.6831300e-001
  2.5317299e-001
  2.7928331e-001
  2.5613108e-001
  2.6229495e-001
  2.6539978e-001
  2.5527147e-001
  2.4759233e-001
  2.4325689e-001
  2.3760686e-001
  2.7039328e-001
  2.2661268e-001
  2.4614034e-001
  2.5157091e-001
  2.4641747e-001
  2.3762970e-001
  2.2722514e-001
  2.2086506e-001
  2.4308424e-001
  2.3945422e-001
  2.1920250e-001
  2.2309693e-001
  2.4996171e-001
  2.4268374e-001
  2.1162710e-001
  2.2335000e-001
  2.3843911e-001
  2.2791693e-001
  2.0074510e-001
  2.0906544e-001
  2.1444684e-001
  2.0751348e-001
  1.9807462e-001
  2.1506223e-001
  2.0973794e-001
  2.0430516e-001
  1.9482166e-001
  2.0693495e-001
  1.9654457e-001
  2.1485723e-001
  1.7968688e-001
  1.7678993e-001
  2.0984571e-001
  1.9795071e-001
  1.9070398e-001
  1.8905932e-001
  2.0716952e-001
  1.8335911e-001
  1.8202586e-001
  1.7782263e-001
  1.6353508e-001
  1.6943452e-001
  1.7945432e-001
  1.7743959e-001
  1.9494979e-001
  1.7708609e-001
  1.5814228e-001
  1.6519261e-001
  1.7150501e-001
  1.6026995e-001
  1.5733095e-001
  1.7640267e-001
  1.6657529e-001
  1.5562292e-001
  1.7699294e-001
  1.5267715e-001
  1.5727885e-001
  1.5983124e-001
  1.6504846e-001
  1.7269219e-001
  1.7182499e-001
  1.5556153e-001
  1.7336423e-001
  1.5752971e-001
  1.6903625e-001
  1.5868199e-001
  2.5509751e-001
  2.9644642e-001
  2.8025654e-001
  2.6003353e-001
  2.6820074e-001
  2.8970153e-001
  2.5908111e-001
  2.6547424e-001
  2.5048671e-001
  2.8416342e-001
  2.6802293e-001
  2.7129063e-001
  2.5736990e-001
  2.3654612e-001
  2.6697466e-001
  2.6562082e-001
  2.5438503e-001
  2.4481612e-001
  2.5036721e-001
  2.1872781e-001
  2.2721187e-001
  2.2054550e-001
  2.4028416e-001
  2.2713481e-001
  2.5098326e-001
  2.5443651e-001
  2.1013188e-001
  2.1414501e-001
  2.3770639e-001
  2.2011236e-001
  2.2175556e-001
  2.3500477e-001
  2.2927998e-001
  2.2089436e-001
  2.3907264e-001
  2.2676055e-001
  1.9450340e-001
  2.0807652e-001
  2.1052222e-001
  1.8557959e-001
  1.8217629e-001
  2.0978563e-001
  2.2472232e-001
  2.0162430e-001
  2.1047658e-001
  1.9871786e-001
  1.8342944e-001
  1.9312181e-001
  1.8847533e-001
  1.8238855e-001
  1.8711315e-001
  1.9631031e-001
  1.7892959e-001
  1.7852525e-001
  2.0243426e-001
  1.7476984e-001
  1.5561372e-001
  1.6595349e-001
  1.8312452e-001
  1.8595581e-001
  1.7177344e-001
  1.8504913e-001
  1.6027979e-001
  1.7439173e-001
  1.5585717e-001
  1.5142440e-001
  1.7582468e-001
  1.6120710e-001
  1.5075034e-001
  1.6259727e-001
  1.7195361e-001
  1.5496400e-001
  1.6226655e-001
  1.5825231e-001
  1.5019076e-001
  1.6814078e-001
  1.7765184e-001
  1.7855431e-001
  1.6412177e-001
  1.6016569e-001
  2.8759393e-001
  2.8495536e-001
  2.7925186e-001
  2.6586960e-001
  2.6838167e-001
  2.7938205e-001
  2.6355925e-001
  2.6696576e-001
  2.8307062e-001
  2.4444722e-001
  2.8428421e-001
  2.6336792e-001
  2.6169533e-001
  2.3266342e-001
  2.5267979e-001
  2.3730233e-001
  2.3619641e-001
  2.5922242e-001
  2.6374351e-001
  2.6130827e-001
  2.4684474e-001
  2.5823592e-001
  2.2927586e-001
  2.2219090e-001
  2.2990806e-001
  2.3572982e-001
  2.2449394e-001
  2.1508585e-001
  2.1884533e-001
  2.0992062e-001
  2.2787567e-001
  2.2076419e-001
  2.2704053e-001
  2.1006493e-001
  2.0583353e-001
  2.1375846e-001
  2.0929123e-001
  2.1771074e-001
  1.9789542e-001
  1.8827884e-001
  2.2480706e-001
  2.1060785e-001
  1.8560698e-001
  1.9829332e-001
  1.7997049e-001
  1.7655214e-001
  2.0988275e-001
  1.8516258e-001
  1.9664796e-001
  1.8736251e-001
  2.0070171e-001
  1.8692686e-001
  2.0031232e-001
  1.5954862e-001
  1.6540490e-001
  1.8850110e-001
  1.5325307e-001
  1.7833672e-001
  1.5239260e-001
  1.7480776e-001
  1.7167809e-001
  1.7458826e-001
  1.4684849e-001
  1.6799815e-001
  1.5532999e-001
  1.6943397e-001
  1.6224181e-001
  1.7168292e-001
  1.7380966e-001
  1.7514153e-001
  1.7039374e-001
  1.7222801e-001
  1.6443796e-001
  1.5367747e-001
  1.6575586e-001
  1.5992045e-001
  1.5812563e-001
  1.6963339e-001
  1.5105570e-001
  1.6100715e-001
  2.9963463e-001
  2.7404289e-001
  2.6207033e-001
  2.7637480e-001
  2.5649049e-001
  2.7000915e-001
  2.7128560e-001
  2.4545504e-001
  2.5750919e-001
  2.8461851e-001
  2.4800189e-001
  2.5840430e-001
  2.5969662e-001
  2.4918230e-001
  2.6571510e-001
  2.6299745e-001
  2.5351669e-001
  2.5829499e-001
  2.2531490e-001
  2.2863568e-001
  2.6174739e-001
  2.2611215e-001
  2.2992123e-001
  2.5243574e-001
  2.4902083e-001
  2.1961017e-001
  2.1332465e-001
  2.0942309e-001
  2.3961650e-001
  2.1246953e-001
  2.4125743e-001
  2.3731402e-001
  2.1604437e-001
  2.1273210e-001
  2.0446392e-001
  2.1048170e-001
  2.3100033e-001
  1.8896280e-001
  2.3039700e-001
  2.0133162e-001
  2.0132730e-001
  1.9121895e-001
  2.0812674e-001
  1.7675670e-001
  2.0624681e-001
  2.0679318e-001
  1.9174415e-001
  1.7212902e-001
  1.8828755e-001
  1.6521023e-001
  1.8202029e-001
  1.6913973e-001
  1.9657703e-001
  1.8887343e-001
  1.9018677e-001
  1.8829246e-001
  1.5116556e-001
  1.8933678e-001
  1.6471335e-001
  1.8323925e-001
  1.4681914e-001
  1.4612243e-001
  1.5660822e-001
  1.6482735e-001
  1.6610784e-001
  1.5118751e-001
  1.5753711e-001
  1.5653944e-001
  1.6421926e-001
  1.7673432e-001
  1.7378747e-001
  1.6437712e-001
  1.5360629e-001
  1.6700768e-001
  1.5487015e-001
  1.5991485e-001
  1.5415429e-001
  1.7157986e-001
  1.5172570e-001
  1.5207899e-001
  2.6678138e-001
  2.8396475e-001
  2.8716517e-001
  2.8778421e-001
  2.5828922e-001
  2.7271358e-001
  2.5551055e-001
  2.4212202e-001
  2.4945507e-001
  2.4057071e-001
  2.4538798e-001
  2.4884498e-001
  2.3258745e-001
  2.7589620e-001
  2.3345790e-001
  2.5886472e-001
  2.4586677e-001
  2.6173006e-001
  2.5168537e-001
  2.3036466e-001
  2.2884474e-001
  2.5721969e-001
  2.4616719e-001
  2.1476548e-001
  2.3618408e-001
  2.3395075e-001
  2.2499829e-001
  2.2964082e-001
  2.1213424e-001
  2.4400801e-001
  2.3495148e-001
  2.3408988e-001
  2.3122720e-001
  2.2890599e-001
  1.9856537e-001
  2.1506007e-001
  2.0394868e-001
  2.2794174e-001
  2.3067727e-001
  2.0742954e-001
  2.1634375e-001
  1.8938361e-001
  1.9385603e-001
  1.9610379e-001
  2.1276386e-001
  1.9120699e-001
  1.8269855e-001
  1.8209381e-001
  1.8426657e-001
  1.9352182e-001
  1.7815181e-001
  1.9450453e-001
  1.7093607e-001
  1.7072249e-001
  1.8701691e-001
  1.8929272e-001
  1.7442415e-001
  1.8784214e-001
  1.7889860e-001
  1.6894949e-001
  1.6540343e-001
  1.4489034e-001
  1.6684250e-001
  1.5836246e-001
  1.6639369e-001
  1.7426241e-001
  1.6140328e-001
  1.5261865e-001
  1.5407448e-001
  1.7185206e-001
  1.7211469e-001
  1.7124524e-001
  1.7313952e-001
  1.7106116e-001
  1.5719624e-001
  1.5805873e-001
  1.7901715e-001
  1.7608932e-001
  1.6950734e-001
  1.5880345e-001
  2.5728050e-001
  2.8552913e-001
  2.7413564e-001
  2.7701177e-001
  2.8012200e-001
  2.8897011e-001
  2.8256869e-001
  2.7568908e-001
  2.4820052e-001
  2.7791096e-001
  2.4342316e-001
  2.4484471e-001
  2.4387197e-001
  2.6589359e-001
  2.6888314e-001
  2.4130256e-001
  2.5903489e-001
  2.6505469e-001
  2.3664333e-001
  2.5175791e-001
  2.5699812e-001
  2.4860294e-001
  2.6127226e-001
  2.5466124e-001
  2.3705175e-001
  2.3467890e-001
  2.4621430e-001
  2.3778610e-001
  2.3151289e-001
  2.1693793e-001
  2.0648152e-001
  2.3732447e-001
  2.0893468e-001
  2.3182714e-001
  2.3044057e-001
  1.9978018e-001
  2.1997063e-001
  2.0257936e-001
  1.9907760e-001
  2.2469287e-001
  2.1366308e-001
  2.1013625e-001
  2.0747843e-001
  2.0582604e-001
  1.9274726e-001
  2.1572016e-001
  2.1463225e-001
  1.9809205e-001
  1.9655340e-001
  1.8447135e-001
  1.9442765e-001
  1.9387669e-001
  1.7282503e-001
  1.7106347e-001
  1.7774452e-001
  1.5807840e-001
  1.9148487e-001
  1.8029774e-001
  1.7818508e-001
  1.6260677e-001
  1.7871136e-001
  1.8141408e-001
  1.5095526e-001
  1.6562112e-001
  1.6081113e-001
  1.6025524e-001
  1.5203210e-001
  1.6960273e-001
  1.5051043e-001
  1.7134654e-001
  1.6206776e-001
  1.5075738e-001
  1.7117823e-001
  1.7596250e-001
  1.6362938e-001
  1.6170054e-001
  1.7327077e-001
  1.5528230e-001
  1.5992212e-001
  1.6735927e-001
  2.5567371e-001
  2.9834504e-001
  2.7176619e-001
  2.8264988e-001
  2.5839407e-001
  2.7237629e-001
  2.6308043e-001
  2.6723056e-001
  2.4865800e-001
  2.5099950e-001
  2.5850681e-001
  2.5164530e-001
  2.3553632e-001
  2.5019308e-001
  2.3696439e-001
  2.4141847e-001
  2.3755703e-001
  2.3768369e-001
  2.4287944e-001
  2.6191022e-001
  2.3609769e-001
  2.4968166e-001
  2.2724365e-001
  2.3218370e-001
  2.2183883e-001
  2.4069855e-001
  2.4411450e-001
  2.2837623e-001
  2.4496539e-001
  2.3861774e-001
  2.0850328e-001
  2.1566371e-001
  2.0518977e-001
  2.3352232e-001
  2.1973924e-001
  2.2676266e-001
  2.1218258e-001
  2.3081706e-001
  2.1270118e-001
  1.8421733e-001
  2.1933742e-001
  2.0860997e-001
  1.9319402e-001
  1.7828115e-001
  2.0704852e-001
  2.0375390e-001
  2.0044770e-001
  1.8645041e-001
  1.7781686e-001
  1.7992326e-001
  1.8967786e-001
  1.8771685e-001
  1.7566155e-001
  1.6245593e-001
  1.8009711e-001
  1.5331033e-001
  1.5546081e-001
  1.8198675e-001
  1.5391960e-001
  1.4702382e-001
  1.4266013e-001
  1.6276006e-001
  1.8724125e-001
  1.7188995e-001
  1.7586588e-001
  1.7658553e-001
  1.5480854e-001
  1.6566495e-001
  1.5197298e-001
  1.7971466e-001
  1.5205823e-001
  1.6604712e-001
  1.5808480e-001
  1.6370033e-001
  1.5738676e-001
  1.7994006e-001
  1.5906323e-001
  1.7717360e-001
  1.7601553e-001
  1.6847603e-001
  2.8884814e-001
  2.8581378e-001
  2.9130154e-001
  2.8913143e-001
  2.8026494e-001
  2.4951099e-001
  2.8651591e-001
  2.7006359e-001
  2.5593450e-001
  2.5120707e-001
  2.4948403e-001
  2.5413806e-001
  2.3701862e-001
  2.6710094e-001
  2.4260893e-001
  2.3063944e-001
  2.3399902e-001
  2.5502193e-001
  2.4958494e-001
  2.4360274e-001
  2.6101745e-001
  2.1894626e-001
  2.2202341e-001
  2.2642468e-001
  2.5061684e-001
  2.1376145e-001
  2.5157440e-001
  2.1134009e-001
  2.2550727e-001
  2.2962913e-001
  2.0916923e-001
  2.0397372e-001
  2.1447030e-001
  2.0375927e-001
  2.2951810e-001
  1.9434138e-001
  2.2214055e-001
  2.0966579e-001
  2.1796721e-001
  2.0016172e-001
  2.0474031e-001
  2.0051952e-001
  2.0039395e-001
  1.8377373e-001
  2.1623064e-001
  2.0223282e-001
  2.1185011e-001
  1.7264890e-001
  2.0723515e-001
  1.9533551e-001
  1.8928759e-001
  1.8629582e-001
  1.6322343e-001
  1.5818510e-001
  1.9736676e-001
  1.5550030e-001
  1.8911189e-001
  1.5132563e-001
  1.6167052e-001
  1.8044996e-001
  1.8403084e-001
  1.7711362e-001
  1.7393185e-001
  1.6139166e-001
  1.7689957e-001
  1.5619306e-001
  1.5884840e-001
  1.7352033e-001
  1.6856259e-001
  1.7228294e-001
  1.5751438e-001
  1.7685347e-001
  1.5186058e-001
  1.6134328e-001
  1.5305438e-001
  1.7577459e-001
  1.6181354e-001
  1.6476513e-001
  1.7243901e-001
  1.5061964e-001
  2.7130761e-001
  2.7699031e-001
  2.7946585e-001
  2.6567743e-001
  2.8576704e-001
  2.6810459e-001
  2.7370883e-001
  2.4994119e-001
  2.5437913e-001
  2.5647322e-001
  2.4427521e-001
  2.5223501e-001
  2.6742982e-001
  2.5964786e-001
  2.6895793e-001
  2.6850890e-001
  2.4347126e-001
  2.4401554e-001
  2.6186606e-001
  2.4360639e-001
  2.4731607e-001
  2.4333387e-001
  2.3397574e-001
  2.1134825e-001
  2.5213658e-001
  2.1461917e-001
  2.2237295e-001
  2.0919509e-001
  2.2898784e-001
  2.3435795e-001
  2.0918487e-001
  2.3007166e-001
  1.9559685e-001
  2.3424184e-001
  2.2615785e-001
  2.2763020e-001
  2.0715397e-001
  2.2355613e-001
  2.1514532e-001
  1.8159576e-001
  2.1866546e-001
  1.9782008e-001
  2.1409535e-001
  1.7730261e-001
  2.1588508e-001
  1.9738300e-001
  2.0883341e-001
  1.8326580e-001
  1.8726976e-001
  1.7230876e-001
  1.7866709e-001
  1.9647955e-001
  1.6242770e-001
  1.8683121e-001
  1.8952675e-001
  1.6068217e-001
  1.5661468e-001
  1.6923093e-001
  1.6568596e-001
  1.6434922e-001
  1.4895633e-001
  1.8636019e-001
  1.6954684e-001
  1.7299577e-001
  1.7611455e-001
  1.6925753e-001
  1.5486643e-001
  1.7377073e-001
  1.6547163e-001
  1.5933591e-001
  1.7998157e-001
  1.6108044e-001
  1.7518119e-001
  1.5182053e-001
  1.7132487e-001
  1.6857623e-001
  1.5343189e-001
  1.5119301e-001
  1.6082379e-001
  1.7264246e-001
  2.8407074e-001
  2.7971714e-001
  2.9263364e-001
  2.6959031e-001
  2.7253032e-001
  2.5576145e-001
  2.7899168e-001
  2.6540074e-001
  2.6026694e-001
  2.6180308e-001
  2.4698703e-001
  2.5468190e-001
  2.7564353e-001
  2.7576803e-001
  2.3946845e-001
  2.6811169e-001
  2.5145056e-001
  2.4984376e-001
  2.3948533e-001
  2.3459380e-001
  2.3366659e-001
  2.5997375e-001
  2.4611087e-001
  2.4735173e-001
  2.2667411e-001
  2.1123269e-001
  2.4341370e-001
  2.4015665e-001
  2.3431913e-001
  2.0538490e-001
  2.1455614e-001
  2.2471888e-001
  2.3811344e-001
  2.1100784e-001
  2.3936566e-001
  2.2422973e-001
  2.2796527e-001
  1.8878219e-001
  2.2187269e-001
  2.1832998e-001
  2.0541454e-001
  2.1719007e-001
  2.1415220e-001
  1.8746438e-001
  1.8116106e-001
  1.8400320e-001
  2.0862122e-001
  1.9982650e-001
  1.6574691e-001
  1.6640648e-001
  1.9951582e-001
  1.6394628e-001
  1.7217582e-001
  1.7468122e-001
  1.8455274e-001
  1.5322649e-001
  1.6774322e-001
  1.5451395e-001
  1.7893181e-001
  1.5251353e-001
  1.6180678e-001
  1.5826316e-001
  1.4704253e-001
  1.5935515e-001
  1.7696090e-001
  1.6649073e-001
  1.7986332e-001
  1.5663870e-001
  1.7879701e-001
  1.6517679e-001
  1.7312333e-001
  1.7249961e-001
  1.6481925e-001
  1.5387817e-001
  1.5214966e-001
  1.7195662e-001
  1.6891999e-001
  1.6566081e-001
  1.7334510e-001
  1.5167110e-001
